item_id:FeatureType.TOKEN	movie_title:FeatureType.TOKEN_SEQ	release_year:FeatureType.TOKEN	class:FeatureType.TOKEN_SEQ
0	[0 0 0 0 0 0 0 0 0 0 0 0 0 0]	0	[0 0 0 0 0 0]
1	[487   0   0   0   0   0   0   0   0   0   0   0   0   0]	3	[3 0 0 0 0 0]
2	[580 581   0   0   0   0   0   0   0   0   0   0   0   0]	39	[ 8 17 18  6  0  0]
3	[104 105  58 106   0   0   0   0   0   0   0   0   0   0]	2	[ 7 11 10 15  0  0]
4	[843 844 845 638 180 846 191 847 848  48 276  58 849   0]	48	[ 9 10  0  0  0  0]
5	[524  83 122 525  29   0   0   0   0   0   0   0   0   0]	9	[4 6 0 0 0 0]
6	[516 509  29   0   0   0   0   0   0   0   0   0   0   0]	2	[ 5  2 11  0  0  0]
7	[806   0   0   0   0   0   0   0   0   0   0   0   0   0]	51	[ 3 13 11  0  0  0]
8	[170 105  58 171  29   0   0   0   0   0   0   0   0   0]	7	[7 0 0 0 0 0]
9	[364  57 514   0   0   0   0   0   0   0   0   0   0   0]	39	[4 5 3 9 0 0]
10	[1452   48 1453 1120 1454 1455    0    0    0    0    0    0    0    0]	39	[3 0 0 0 0 0]
11	[102 451 452 453   0   0   0   0   0   0   0   0   0   0]	3	[4 5 9 0 0 0]
12	[79 80 81 82 83 84 85 86  0  0  0  0  0  0]	1	[3 0 0 0 0 0]
13	[67 68  0  0  0  0  0  0  0  0  0  0  0  0]	1	[4 5 3 8 0 0]
14	[1252  135    0    0    0    0    0    0    0    0    0    0    0    0]	2	[ 3 11  0  0  0  0]
15	[714 105 715  29   0   0   0   0   0   0   0   0   0   0]	7	[7 0 0 0 0 0]
16	[536   0   0   0   0   0   0   0   0   0   0   0   0   0]	1	[ 3 11  0  0  0  0]
17	[1484  898    0    0    0    0    0    0    0    0    0    0    0    0]	1	[18  6  0  0  0  0]
18	[ 21 720  12 721  29   0   0   0   0   0   0   0   0   0]	7	[7 0 0 0 0 0]
19	[536   0   0   0   0   0   0   0   0   0   0   0   0   0]	21	[ 3 11  0  0  0  0]
20	[290 291   0   0   0   0   0   0   0   0   0   0   0   0]	24	[4 6 0 0 0 0]
21	[242   0   0   0   0   0   0   0   0   0   0   0   0   0]	3	[4 5 6 0 0 0]
22	[1 2 0 0 0 0 0 0 0 0 0 0 0 0]	1	[1 2 3 0 0 0]
23	[964 965   0   0   0   0   0   0   0   0   0   0   0   0]	3	[4 6 0 0 0 0]
24	[195   0   0   0   0   0   0   0   0   0   0   0   0   0]	10	[ 1  2  3 13  0  0]
25	[1236    0    0    0    0    0    0    0    0    0    0    0    0    0]	1	[5 2 0 0 0 0]
26	[541   0   0   0   0   0   0   0   0   0   0   0   0   0]	1	[7 0 0 0 0 0]
27	[473   0   0   0   0   0   0   0   0   0   0   0   0   0]	38	[ 4 12  0  0  0  0]
28	[493 494   0   0   0   0   0   0   0   0   0   0   0   0]	39	[ 7 11  0  0  0  0]
29	[203 105  58 204  29   0   0   0   0   0   0   0   0   0]	11	[7 6 0 0 0 0]
30	[388 389  29   0   0   0   0   0   0   0   0   0   0   0]	35	[7 0 0 0 0 0]
31	[175  57 176   0   0   0   0   0   0   0   0   0   0   0]	7	[ 3 11  0  0  0  0]
32	[390  29   0   0   0   0   0   0   0   0   0   0   0   0]	25	[3 8 0 0 0 0]
33	[1039 1040    0    0    0    0    0    0    0    0    0    0    0    0]	21	[18  6  0  0  0  0]
34	[1263    0    0    0    0    0    0    0    0    0    0    0    0    0]	2	[ 3 11  0  0  0  0]
35	[74  0  0  0  0  0  0  0  0  0  0  0  0  0]	2	[14  0  0  0  0  0]
36	[37 38 39 40  0  0  0  0  0  0  0  0  0  0]	1	[ 3 11  0  0  0  0]
37	[582 583 193   0   0   0   0   0   0   0   0   0   0   0]	3	[5 2 0 0 0 0]
38	[1411 1412   29    0    0    0    0    0    0    0    0    0    0    0]	3	[7 6 0 0 0 0]
39	[694 746  58 615   0   0   0   0   0   0   0   0   0   0]	1	[ 3 12  0  0  0  0]
40	[626 627   0   0   0   0   0   0   0   0   0   0   0   0]	39	[ 8  7 18  0  0  0]
41	[404  20 405   0   0   0   0   0   0   0   0   0   0   0]	27	[ 4  5  3 12  0  0]
42	[422 105  58 486  29   0   0   0   0   0   0   0   0   0]	10	[ 4 11 10  0  0  0]
43	[6 7 0 0 0 0 0 0 0 0 0 0 0 0]	1	[4 3 7 0 0 0]
44	[295  58 634   0   0   0   0   0   0   0   0   0   0   0]	39	[8 7 6 0 0 0]
45	[207   0   0   0   0   0   0   0   0   0   0   0   0   0]	3	[8 7 6 0 0 0]
46	[782   0   0   0   0   0   0   0   0   0   0   0   0   0]	41	[ 1  2 13  0  0  0]
47	[618 259 619   0   0   0   0   0   0   0   0   0   0   0]	39	[18  6  0  0  0  0]
48	[329 105  58 369   0   0   0   0   0   0   0   0   0   0]	35	[ 4  5 11  9 10  0]
49	[ 20 392 393   0   0   0   0   0   0   0   0   0   0   0]	29	[7 0 0 0 0 0]
50	[1135   58 1136    0    0    0    0    0    0    0    0    0    0    0]	13	[4 5 0 0 0 0]
51	[706 325 707 708  29 709 710   0   0   0   0   0   0   0]	2	[3 0 0 0 0 0]
52	[288 105 289  29   0   0   0   0   0   0   0   0   0   0]	23	[13  0  0  0  0  0]
53	[767  58 768   0   0   0   0   0   0   0   0   0   0   0]	8	[ 2  7 16  9  0  0]
54	[916 917   0   0   0   0   0   0   0   0   0   0   0   0]	13	[ 4  7 10  0  0  0]
55	[47 48 49  0  0  0  0  0  0  0  0  0  0  0]	1	[ 7 11  0  0  0  0]
56	[562   0   0   0   0   0   0   0   0   0   0   0   0   0]	3	[12  6  0  0  0  0]
57	[185 400 443 444 268   0   0   0   0   0   0   0   0   0]	37	[12  0  0  0  0  0]
58	[934   0   0   0   0   0   0   0   0   0   0   0   0   0]	52	[4 5 7 0 0 0]
59	[ 257  105  356 1353   29    0    0    0    0    0    0    0    0    0]	1	[5 9 0 0 0 0]
60	[61 62 29  0  0  0  0  0  0  0  0  0  0  0]	1	[3 0 0 0 0 0]
61	[414 471   0   0   0   0   0   0   0   0   0   0   0   0]	24	[ 4  3 15  0  0  0]
62	[ 79 772  12 773   0   0   0   0   0   0   0   0   0   0]	45	[7 0 0 0 0 0]
63	[595 105 912   0   0   0   0   0   0   0   0   0   0   0]	27	[ 3  7 11  0  0  0]
64	[34 35 36  0  0  0  0  0  0  0  0  0  0  0]	1	[7 0 0 0 0 0]
65	[1162 1489    0    0    0    0    0    0    0    0    0    0    0    0]	3	[3 0 0 0 0 0]
66	[754 755   0   0   0   0   0   0   0   0   0   0   0   0]	34	[2 7 0 0 0 0]
67	[333  70 334   0   0   0   0   0   0   0   0   0   0   0]	28	[7 0 0 0 0 0]
68	[  25 1152   57 1153    0    0    0    0    0    0    0    0    0    0]	39	[ 7 10  0  0  0  0]
69	[495 496 497   0   0   0   0   0   0   0   0   0   0   0]	39	[3 8 0 0 0 0]
70	[8 0 0 0 0 0 0 0 0 0 0 0 0 0]	1	[8 7 6 0 0 0]
71	[102 459 465  29 466  83 467   0   0   0   0   0   0   0]	37	[4 5 9 0 0 0]
72	[477 478   0   0   0   0   0   0   0   0   0   0   0   0]	3	[ 7 11  0  0  0  0]
73	[857 858 859   0   0   0   0   0   0   0   0   0   0   0]	52	[3 6 0 0 0 0]
74	[113   0   0   0   0   0   0   0   0   0   0   0   0   0]	1	[4 7 6 0 0 0]
75	[677 678   0   0   0   0   0   0   0   0   0   0   0   0]	1	[7 0 0 0 0 0]
76	[920 815   0   0   0   0   0   0   0   0   0   0   0   0]	9	[7 0 0 0 0 0]
77	[67  0  0  0  0  0  0  0  0  0  0  0  0  0]	29	[4 5 8 7 0 0]
78	[228 167 229 230 231  29   0   0   0   0   0   0   0   0]	3	[ 3 11  0  0  0  0]
79	[1063   57   58 1064   29    0    0    0    0    0    0    0    0    0]	48	[1 2 0 0 0 0]
80	[643   0   0   0   0   0   0   0   0   0   0   0   0   0]	39	[3 0 0 0 0 0]
81	[60 29  0  0  0  0  0  0  0  0  0  0  0  0]	3	[3 0 0 0 0 0]
82	[1456  519    0    0    0    0    0    0    0    0    0    0    0    0]	39	[4 5 6 0 0 0]
83	[308 309 310 105 311   0   0   0   0   0   0   0   0   0]	26	[3 0 0 0 0 0]
84	[490  48 537   0   0   0   0   0   0   0   0   0   0   0]	1	[ 7 11  0  0  0  0]
85	[887 888  29   0   0   0   0   0   0   0   0   0   0   0]	44	[ 4  5 11 10  0  0]
86	[701 105 702 703 105  58 704  29   0   0   0   0   0   0]	2	[3 7 0 0 0 0]
87	[416 417 418 419   0   0   0   0   0   0   0   0   0   0]	37	[ 3  7 13  0  0  0]
88	[54 55  0  0  0  0  0  0  0  0  0  0  0  0]	4	[7 6 0 0 0 0]
89	[571 571   0   0   0   0   0   0   0   0   0   0   0   0]	39	[3 0 0 0 0 0]
90	[414 415   0   0   0   0   0   0   0   0   0   0   0   0]	30	[ 3 12  0  0  0  0]
91	[1143 1144    0    0    0    0    0    0    0    0    0    0    0    0]	3	[4 6 0 0 0 0]
92	[883  12 884 310   0   0   0   0   0   0   0   0   0   0]	55	[7 0 0 0 0 0]
93	[261 105 262  29   0   0   0   0   0   0   0   0   0   0]	17	[ 5  2  7 13  0  0]
94	[355 105  58 356 357   0   0   0   0   0   0   0   0   0]	13	[4 5 0 0 0 0]
95	[196 197 198 199   0   0   0   0   0   0   0   0   0   0]	11	[4 9 6 0 0 0]
96	[155 301  48  58 302 303   0   0   0   0   0   0   0   0]	22	[5 2 3 0 0 0]
97	[491 591  29   0   0   0   0   0   0   0   0   0   0   0]	39	[ 8 12 18  6  0  0]
98	[1100  293   29    0    0    0    0    0    0    0    0    0    0    0]	65	[ 3 11  0  0  0  0]
99	[655 587   0   0   0   0   0   0   0   0   0   0   0   0]	39	[8 7 0 0 0 0]
100	[50 51 52  0  0  0  0  0  0  0  0  0  0  0]	3	[ 4  5  3 13  6  0]
101	[1288    0    0    0    0    0    0    0    0    0    0    0    0    0]	3	[ 2  7 16  0  0  0]
102	[914 915   0   0   0   0   0   0   0   0   0   0   0   0]	6	[ 3 11  0  0  0  0]
103	[1253  201 1254    0    0    0    0    0    0    0    0    0    0    0]	1	[3 7 0 0 0 0]
104	[511 865 866   0   0   0   0   0   0   0   0   0   0   0]	43	[13 11  0  0  0  0]
105	[521  58 605 105  58 606   0   0   0   0   0   0   0   0]	7	[7 0 0 0 0 0]
106	[391  29   0   0   0   0   0   0   0   0   0   0   0   0]	37	[4 9 6 0 0 0]
107	[403  29   0   0   0   0   0   0   0   0   0   0   0   0]	31	[12  0  0  0  0  0]
108	[188 558   0   0   0   0   0   0   0   0   0   0   0   0]	2	[ 4  5  3 11  0  0]
109	[1214    0    0    0    0    0    0    0    0    0    0    0    0    0]	39	[7 0 0 0 0 0]
110	[523   0   0   0   0   0   0   0   0   0   0   0   0   0]	39	[9 6 0 0 0 0]
111	[491 492  29   0   0   0   0   0   0   0   0   0   0   0]	39	[ 4  7  6 10  0  0]
112	[267 268 269 270   0   0   0   0   0   0   0   0   0   0]	19	[ 7 18  9  6  0  0]
113	[511 712   0   0   0   0   0   0   0   0   0   0   0   0]	1	[7 0 0 0 0 0]
114	[837 284 838   0   0   0   0   0   0   0   0   0   0   0]	3	[ 7 10  0  0  0  0]
115	[1113  548   58 1114    0    0    0    0    0    0    0    0    0    0]	9	[7 0 0 0 0 0]
116	[278 279  29 280 281   0   0   0   0   0   0   0   0   0]	7	[5 2 0 0 0 0]
117	[694  41  58 695 696 697 698   0   0   0   0   0   0   0]	1	[12  0  0  0  0  0]
118	[ 578 1273  199    0    0    0    0    0    0    0    0    0    0    0]	3	[ 7 11  0  0  0  0]
119	[856   0   0   0   0   0   0   0   0   0   0   0   0   0]	49	[18  6  0  0  0  0]
120	[680   0   0   0   0   0   0   0   0   0   0   0   0   0]	3	[3 0 0 0 0 0]
121	[   6  400   58 1547    0    0    0    0    0    0    0    0    0    0]	3	[7 0 0 0 0 0]
122	[1293    0    0    0    0    0    0    0    0    0    0    0    0    0]	17	[ 3 11  0  0  0  0]
123	[532 533 534   0   0   0   0   0   0   0   0   0   0   0]	39	[7 0 0 0 0 0]
124	[ 606  105   58 1050  159  405    0    0    0    0    0    0    0    0]	1	[3 0 0 0 0 0]
125	[32 33  0  0  0  0  0  0  0  0  0  0  0  0]	2	[ 7 11  0  0  0  0]
126	[ 186 1391    0    0    0    0    0    0    0    0    0    0    0    0]	1	[ 7 11  0  0  0  0]
127	[682 759   0   0   0   0   0   0   0   0   0   0   0   0]	43	[ 2  3 13  0  0  0]
128	[735 736   0   0   0   0   0   0   0   0   0   0   0   0]	3	[ 4  5 18  0  0  0]
129	[893  48 894   0   0   0   0   0   0   0   0   0   0   0]	5	[8 7 0 0 0 0]
130	[122 830 831   0   0   0   0   0   0   0   0   0   0   0]	10	[6 0 0 0 0 0]
131	[493 494   0   0   0   0   0   0   0   0   0   0   0   0]	39	[ 7 11  0  0  0  0]
132	[241  29   0   0   0   0   0   0   0   0   0   0   0   0]	3	[4 5 6 0 0 0]
133	[535   0   0   0   0   0   0   0   0   0   0   0   0   0]	1	[4 8 6 0 0 0]
134	[980 201  58 981   0   0   0   0   0   0   0   0   0   0]	2	[ 7 12  0  0  0  0]
135	[ 603 1259 1260  191  135    0    0    0    0    0    0    0    0    0]	2	[ 7 11  0  0  0  0]
136	[620 621   0   0   0   0   0   0   0   0   0   0   0   0]	39	[4 6 0 0 0 0]
137	[360  29  63  48  29 361  29   0   0   0   0   0   0   0]	33	[ 4 15  0  0  0  0]
138	[ 67 470   0   0   0   0   0   0   0   0   0   0   0   0]	10	[4 5 3 8 0 0]
139	[3 0 0 0 0 0 0 0 0 0 0 0 0 0]	1	[4 5 6 0 0 0]
140	[274 275   0   0   0   0   0   0   0   0   0   0   0   0]	3	[7 0 0 0 0 0]
141	[332  29   0   0   0   0   0   0   0   0   0   0   0   0]	29	[4 5 9 6 0 0]
142	[401 551  29   0   0   0   0   0   0   0   0   0   0   0]	2	[4 6 0 0 0 0]
143	[ 297   57   58 1582 1583 1584    0    0    0    0    0    0    0    0]	1	[1 9 0 0 0 0]
144	[575   0   0   0   0   0   0   0   0   0   0   0   0   0]	39	[4 9 6 0 0 0]
145	[796  29   0   0   0   0   0   0   0   0   0   0   0   0]	48	[12  0  0  0  0  0]
146	[ 929 1479    0    0    0    0    0    0    0    0    0    0    0    0]	7	[3 0 0 0 0 0]
147	[156  29   0   0   0   0   0   0   0   0   0   0   0   0]	7	[4 6 0 0 0 0]
148	[453   0   0   0   0   0   0   0   0   0   0   0   0   0]	39	[7 9 0 0 0 0]
149	[655 807 452 808   0   0   0   0   0   0   0   0   0   0]	3	[4 0 0 0 0 0]
150	[1224    0    0    0    0    0    0    0    0    0    0    0    0    0]	1	[ 4  5  2 16  9  0]
151	[441 442   0   0   0   0   0   0   0   0   0   0   0   0]	45	[17  6  0  0  0  0]
152	[628 629   0   0   0   0   0   0   0   0   0   0   0   0]	39	[ 4 18 11  6  0  0]
153	[350 351 352  29   0   0   0   0   0   0   0   0   0   0]	31	[ 4  5  7 11  9 10]
154	[1574    0    0    0    0    0    0    0    0    0    0    0    0    0]	1	[6 0 0 0 0 0]
155	[1178 1179    0    0    0    0    0    0    0    0    0    0    0    0]	2	[ 3 10  0  0  0  0]
156	[1588    0    0    0    0    0    0    0    0    0    0    0    0    0]	1	[7 0 0 0 0 0]
157	[1362 1363    0    0    0    0    0    0    0    0    0    0    0    0]	3	[4 5 6 0 0 0]
158	[434 435 436 437   0   0   0   0   0   0   0   0   0   0]	29	[ 3 11  0  0  0  0]
159	[1513 1514    0    0    0    0    0    0    0    0    0    0    0    0]	3	[ 3 13  0  0  0  0]
160	[473 458   0   0   0   0   0   0   0   0   0   0   0   0]	51	[ 4 12  0  0  0  0]
161	[120 121 124   0   0   0   0   0   0   0   0   0   0   0]	2	[7 0 0 0 0 0]
162	[ 99 100   0   0   0   0   0   0   0   0   0   0   0   0]	2	[14  0  0  0  0  0]
163	[153  29   0   0   0   0   0   0   0   0   0   0   0   0]	7	[7 6 0 0 0 0]
164	[452 851 852  29   0   0   0   0   0   0   0   0   0   0]	3	[3 0 0 0 0 0]
165	[862   0   0   0   0   0   0   0   0   0   0   0   0   0]	53	[ 7 11 10  0  0  0]
166	[1212   29    0    0    0    0    0    0    0    0    0    0    0    0]	39	[ 4 11  6  0  0  0]
167	[445 446 447 448  29   0   0   0   0   0   0   0   0   0]	3	[ 3 11  0  0  0  0]
168	[511 235 512 513   0   0   0   0   0   0   0   0   0   0]	39	[ 3 11  0  0  0  0]
169	[548 549  48 550   0   0   0   0   0   0   0   0   0   0]	3	[ 7 11  0  0  0  0]
170	[406 199   0   0   0   0   0   0   0   0   0   0   0   0]	7	[ 3 11  0  0  0  0]
171	[549 739 268   0   0   0   0   0   0   0   0   0   0   0]	1	[1 3 6 0 0 0]
172	[474 475   0   0   0   0   0   0   0   0   0   0   0   0]	3	[ 4  3  9 10  0  0]
173	[102 451  29 463 105 464   0   0   0   0   0   0   0   0]	8	[4 5 9 0 0 0]
174	[1525  971 1526    0    0    0    0    0    0    0    0    0    0    0]	3	[3 0 0 0 0 0]
175	[656  58 657   0   0   0   0   0   0   0   0   0   0   0]	39	[3 7 0 0 0 0]
176	[362 363 364   0   0   0   0   0   0   0   0   0   0   0]	34	[7 0 0 0 0 0]
177	[854 855  29   0   0   0   0   0   0   0   0   0   0   0]	41	[ 3 11  0  0  0  0]
178	[1149  603  191 1150    0    0    0    0    0    0    0    0    0    0]	39	[3 0 0 0 0 0]
179	[23 24  0  0  0  0  0  0  0  0  0  0  0  0]	1	[ 7 10  0  0  0  0]
180	[253  29   0   0   0   0   0   0   0   0   0   0   0   0]	15	[4 8 7 0 0 0]
181	[213   0   0   0   0   0   0   0   0   0   0   0   0   0]	3	[7 6 0 0 0 0]
182	[143 144   0   0   0   0   0   0   0   0   0   0   0   0]	2	[ 3 11 10  0  0  0]
183	[1377   21    0    0    0    0    0    0    0    0    0    0    0    0]	2	[ 3  7 10  0  0  0]
184	[1255 1256    0    0    0    0    0    0    0    0    0    0    0    0]	1	[3 0 0 0 0 0]
185	[1521 1522    0    0    0    0    0    0    0    0    0    0    0    0]	6	[ 5  1  2 13  0  0]
186	[330 430 431  29 432   0   0   0   0   0   0   0   0   0]	8	[ 7 13 10  0  0  0]
187	[1474  754  364    0    0    0    0    0    0    0    0    0    0    0]	1	[ 3 11  0  0  0  0]
188	[978   0   0   0   0   0   0   0   0   0   0   0   0   0]	1	[4 5 0 0 0 0]
189	[220 221 222 223  29 224   0   0   0   0   0   0   0   0]	3	[3 9 0 0 0 0]
190	[349   0   0   0   0   0   0   0   0   0   0   0   0   0]	11	[3 9 0 0 0 0]
191	[607 608   0   0   0   0   0   0   0   0   0   0   0   0]	7	[ 7 10  0  0  0  0]
192	[998   0   0   0   0   0   0   0   0   0   0   0   0   0]	2	[ 4 11  6  0  0  0]
193	[1298    0    0    0    0    0    0    0    0    0    0    0    0    0]	36	[2 3 7 0 0 0]
194	[130 131 132 133   0   0   0   0   0   0   0   0   0   0]	7	[3 7 0 0 0 0]
195	[1029  442    0    0    0    0    0    0    0    0    0    0    0    0]	3	[7 6 0 0 0 0]
196	[731 732 733  29   0   0   0   0   0   0   0   0   0   0]	1	[3 0 0 0 0 0]
197	[1208 1209    0    0    0    0    0    0    0    0    0    0    0    0]	32	[3 0 0 0 0 0]
198	[142  29   0   0   0   0   0   0   0   0   0   0   0   0]	2	[ 4 11  6  0  0  0]
199	[17 18  0  0  0  0  0  0  0  0  0  0  0  0]	1	[7 9 0 0 0 0]
200	[1459 1043 1460 1459 1043 1461    0    0    0    0    0    0    0    0]	9	[7 0 0 0 0 0]
201	[441 442   0   0   0   0   0   0   0   0   0   0   0   0]	11	[6 0 0 0 0 0]
202	[  47   57   58 1061    0    0    0    0    0    0    0    0    0    0]	2	[2 3 0 0 0 0]
203	[636 637   0   0   0   0   0   0   0   0   0   0   0   0]	39	[ 4  8 18  0  0  0]
204	[653  29   0   0   0   0   0   0   0   0   0   0   0   0]	39	[7 0 0 0 0 0]
205	[292 293  29   0   0   0   0   0   0   0   0   0   0   0]	10	[4 9 6 0 0 0]
206	[115 116   0   0   0   0   0   0   0   0   0   0   0   0]	2	[8 7 0 0 0 0]
207	[177 178   0   0   0   0   0   0   0   0   0   0   0   0]	8	[17  9  0  0  0  0]
208	[282 283 284  58 285   0   0   0   0   0   0   0   0   0]	21	[ 5  2 16  9  0  0]
209	[1010    0    0    0    0    0    0    0    0    0    0    0    0    0]	7	[4 5 8 0 0 0]
210	[263 201  58 264   0   0   0   0   0   0   0   0   0   0]	17	[ 7 11 10  0  0  0]
211	[305 306 307 268   0   0   0   0   0   0   0   0   0   0]	24	[3 0 0 0 0 0]
212	[1271 1272   29    0    0    0    0    0    0    0    0    0    0    0]	1	[14  0  0  0  0  0]
213	[276 421   0   0   0   0   0   0   0   0   0   0   0   0]	39	[11  0  0  0  0  0]
214	[899 900 901 268   0   0   0   0   0   0   0   0   0   0]	44	[7 0 0 0 0 0]
215	[679   0   0   0   0   0   0   0   0   0   0   0   0   0]	1	[3 0 0 0 0 0]
216	[833   0   0   0   0   0   0   0   0   0   0   0   0   0]	7	[7 0 0 0 0 0]
217	[1030   29    0    0    0    0    0    0    0    0    0    0    0    0]	3	[6 0 0 0 0 0]
218	[25 26  0  0  0  0  0  0  0  0  0  0  0  0]	1	[8 6 0 0 0 0]
219	[923 924  29   0   0   0   0   0   0   0   0   0   0   0]	48	[ 5 10  0  0  0  0]
220	[163 164   0   0   0   0   0   0   0   0   0   0   0   0]	7	[4 5 9 0 0 0]
221	[226   0   0   0   0   0   0   0   0   0   0   0   0   0]	18	[ 1  2 13  0  0  0]
222	[4 5 0 0 0 0 0 0 0 0 0 0 0 0]	1	[6 0 0 0 0 0]
223	[395 396 397 398   0   0   0   0   0   0   0   0   0   0]	9	[6 0 0 0 0 0]
224	[381 199 382 268   0   0   0   0   0   0   0   0   0   0]	10	[1 3 0 0 0 0]
225	[1164   57   58  658    0    0    0    0    0    0    0    0    0    0]	65	[13 11  0  0  0  0]
226	[128 129  29   0   0   0   0   0   0   0   0   0   0   0]	2	[7 0 0 0 0 0]
227	[578 666 667  58 668 669   0   0   0   0   0   0   0   0]	38	[7 0 0 0 0 0]
228	[863 864  29   0   0   0   0   0   0   0   0   0   0   0]	18	[17 18  0  0  0  0]
229	[902 903 904 905  29   0   0   0   0   0   0   0   0   0]	3	[7 0 0 0 0 0]
230	[573 574   0   0   0   0   0   0   0   0   0   0   0   0]	39	[7 0 0 0 0 0]
231	[433 105 100   0   0   0   0   0   0   0   0   0   0   0]	29	[7 0 0 0 0 0]
232	[1213   29    0    0    0    0    0    0    0    0    0    0    0    0]	39	[ 3 11  0  0  0  0]
233	[1287    0    0    0    0    0    0    0    0    0    0    0    0    0]	3	[4 5 0 0 0 0]
234	[408 191  58 409   0   0   0   0   0   0   0   0   0   0]	32	[3 9 0 0 0 0]
235	[75  0  0  0  0  0  0  0  0  0  0  0  0  0]	1	[ 4 11  6  0  0  0]
236	[321 322 323   0   0   0   0   0   0   0   0   0   0   0]	10	[7 0 0 0 0 0]
237	[617   0   0   0   0   0   0   0   0   0   0   0   0   0]	3	[3 0 0 0 0 0]
238	[651 652   0   0   0   0   0   0   0   0   0   0   0   0]	39	[ 4 12  9  0  0  0]
239	[102 459 460  29 461 462   0   0   0   0   0   0   0   0]	11	[4 5 9 0 0 0]
240	[385   0   0   0   0   0   0   0   0   0   0   0   0   0]	37	[ 7 18  0  0  0  0]
241	[371   0   0   0   0   0   0   0   0   0   0   0   0   0]	26	[ 4 12  9  6  0  0]
242	[1184  105 1185    0    0    0    0    0    0    0    0    0    0    0]	1	[ 7 11  0  0  0  0]
243	[779 780   0   0   0   0   0   0   0   0   0   0   0   0]	46	[ 3 10  0  0  0  0]
244	[ 712 1566  268    0    0    0    0    0    0    0    0    0    0    0]	3	[3 7 0 0 0 0]
245	[265 266   0   0   0   0   0   0   0   0   0   0   0   0]	18	[7 0 0 0 0 0]
246	[1215 1216 1217    0    0    0    0    0    0    0    0    0    0    0]	39	[ 4 11  6  0  0  0]
247	[425 426 105 427  29   0   0   0   0   0   0   0   0   0]	24	[7 0 0 0 0 0]
248	[1122   57  552    0    0    0    0    0    0    0    0    0    0    0]	31	[ 7 11  0  0  0  0]
249	[1415  628    0    0    0    0    0    0    0    0    0    0    0    0]	39	[6 0 0 0 0 0]
250	[1506 1142    0    0    0    0    0    0    0    0    0    0    0    0]	3	[3 0 0 0 0 0]
251	[741   0   0   0   0   0   0   0   0   0   0   0   0   0]	3	[3 0 0 0 0 0]
252	[1328   29    0    0    0    0    0    0    0    0    0    0    0    0]	39	[ 4  6 10  0  0  0]
253	[530 531   0   0   0   0   0   0   0   0   0   0   0   0]	39	[ 4  5  9 10  0  0]
254	[ 883  511 1518    0    0    0    0    0    0    0    0    0    0    0]	1	[7 0 0 0 0 0]
255	[544 545  12 552  57 485   0   0   0   0   0   0   0   0]	37	[8 7 6 0 0 0]
256	[1386   57   58 1387   29    0    0    0    0    0    0    0    0    0]	1	[ 5  2 16  0  0  0]
257	[394  29   0   0   0   0   0   0   0   0   0   0   0   0]	5	[ 7 11  0  0  0  0]
258	[1134    0    0    0    0    0    0    0    0    0    0    0    0    0]	39	[7 6 0 0 0 0]
259	[399 400  58 401 402  29   0   0   0   0   0   0   0   0]	34	[ 7 10  0  0  0  0]
260	[1170 1171    0    0    0    0    0    0    0    0    0    0    0    0]	10	[ 3 11  0  0  0  0]
261	[345 346  29   0   0   0   0   0   0   0   0   0   0   0]	7	[1 3 0 0 0 0]
262	[1034    0    0    0    0    0    0    0    0    0    0    0    0    0]	3	[4 6 0 0 0 0]
263	[635  29   0   0   0   0   0   0   0   0   0   0   0   0]	39	[18  6  0  0  0  0]
264	[1534  275    0    0    0    0    0    0    0    0    0    0    0    0]	3	[ 3  7 11  0  0  0]
265	[1011    0    0    0    0    0    0    0    0    0    0    0    0    0]	7	[3 9 0 0 0 0]
266	[691 400 692 693   0   0   0   0   0   0   0   0   0   0]	2	[7 0 0 0 0 0]
267	[769 770   0   0   0   0   0   0   0   0   0   0   0   0]	10	[3 0 0 0 0 0]
268	[1394   48 1395    0    0    0    0    0    0    0    0    0    0    0]	7	[3 0 0 0 0 0]
269	[1457 1458    0    0    0    0    0    0    0    0    0    0    0    0]	3	[7 0 0 0 0 0]
270	[358   0   0   0   0   0   0   0   0   0   0   0   0   0]	32	[9 0 0 0 0 0]
271	[559 560  29   0   0   0   0   0   0   0   0   0   0   0]	3	[ 7 11 10  0  0  0]
272	[979 565   0   0   0   0   0   0   0   0   0   0   0   0]	2	[ 7 16  6  0  0  0]
273	[134 135 136 137   0   0   0   0   0   0   0   0   0   0]	1	[ 3 11  0  0  0  0]
274	[411   0   0   0   0   0   0   0   0   0   0   0   0   0]	24	[5 1 9 6 0 0]
275	[297   0   0   0   0   0   0   0   0   0   0   0   0   0]	9	[ 3 11  6  0  0  0]
276	[1089   58  873  878 1090  230 1091 1092   29    0    0    0    0    0]	29	[7 0 0 0 0 0]
277	[927 858 928   0   0   0   0   0   0   0   0   0   0   0]	28	[3 7 0 0 0 0]
278	[125   0   0   0   0   0   0   0   0   0   0   0   0   0]	2	[4 5 9 0 0 0]
279	[27 28 29  0  0  0  0  0  0  0  0  0  0  0]	1	[8 6 0 0 0 0]
280	[566 567   0   0   0   0   0   0   0   0   0   0   0   0]	39	[18  6  0  0  0  0]
281	[818 819 820 302 821 822 823 824   0   0   0   0   0   0]	10	[ 7 11  0  0  0  0]
282	[356 518   0   0   0   0   0   0   0   0   0   0   0   0]	12	[7 0 0 0 0 0]
283	[ 292   21  197 1225 1226    0    0    0    0    0    0    0    0    0]	3	[9 6 0 0 0 0]
284	[1302 1303  135 1304    0    0    0    0    0    0    0    0    0    0]	3	[3 0 0 0 0 0]
285	[329 105  58 330 331  29   0   0   0   0   0   0   0   0]	30	[3 0 0 0 0 0]
286	[501 502  29   0   0   0   0   0   0   0   0   0   0   0]	39	[4 9 0 0 0 0]
287	[1281 1282    0    0    0    0    0    0    0    0    0    0    0    0]	3	[ 8 17  6  0  0  0]
288	[375 376  29   0   0   0   0   0   0   0   0   0   0   0]	31	[ 4  3 13  0  0  0]
289	[1193 1194    0    0    0    0    0    0    0    0    0    0    0    0]	2	[ 3  7 11  0  0  0]
290	[147 148  29   0   0   0   0   0   0   0   0   0   0   0]	2	[ 1  2 13  0  0  0]
291	[ 37 295   0   0   0   0   0   0   0   0   0   0   0   0]	1	[ 3 11  0  0  0  0]
292	[359   0   0   0   0   0   0   0   0   0   0   0   0   0]	28	[ 4  9  6 10  0  0]
293	[154 155   0   0   0   0   0   0   0   0   0   0   0   0]	7	[5 2 7 0 0 0]
294	[790 791  57 792 793   0   0   0   0   0   0   0   0   0]	13	[12  0  0  0  0  0]
295	[1069  635   29    0    0    0    0    0    0    0    0    0    0    0]	10	[ 4  7 11 10  0  0]
296	[ 193   83   58 1176    0    0    0    0    0    0    0    0    0    0]	1	[ 7 11  0  0  0  0]
297	[379 209 380   0   0   0   0   0   0   0   0   0   0   0]	27	[ 4  7 10  0  0  0]
298	[1159 1160    0    0    0    0    0    0    0    0    0    0    0    0]	2	[7 0 0 0 0 0]
299	[ 603 1041  578  275    0    0    0    0    0    0    0    0    0    0]	58	[3 0 0 0 0 0]
300	[200 201 202   0   0   0   0   0   0   0   0   0   0   0]	9	[ 5  7 15  0  0  0]
301	[353 354  29   0   0   0   0   0   0   0   0   0   0   0]	27	[ 4  5  3 11  0  0]
302	[815 816  29   0   0   0   0   0   0   0   0   0   0   0]	1	[7 0 0 0 0 0]
303	[ 79 290 820   0   0   0   0   0   0   0   0   0   0   0]	1	[3 7 0 0 0 0]
304	[41 42 43 44  0  0  0  0  0  0  0  0  0  0]	3	[ 4  3  8 12  6  0]
305	[600 601   0   0   0   0   0   0   0   0   0   0   0   0]	40	[7 6 0 0 0 0]
306	[895 896  83 618   0   0   0   0   0   0   0   0   0   0]	21	[18  6  0  0  0  0]
307	[544 545  12 546 434 504 136 547   0   0   0   0   0   0]	1	[7 0 0 0 0 0]
308	[157 158 159 160   0   0   0   0   0   0   0   0   0   0]	7	[ 4  3 10  0  0  0]
309	[479 480   0   0   0   0   0   0   0   0   0   0   0   0]	27	[3 0 0 0 0 0]
310	[120 121 123   0   0   0   0   0   0   0   0   0   0   0]	7	[7 0 0 0 0 0]
311	[623   0   0   0   0   0   0   0   0   0   0   0   0   0]	3	[7 6 0 0 0 0]
312	[738 291   0   0   0   0   0   0   0   0   0   0   0   0]	3	[3 0 0 0 0 0]
313	[944   0   0   0   0   0   0   0   0   0   0   0   0   0]	3	[ 7 11  0  0  0  0]
314	[1338    0    0    0    0    0    0    0    0    0    0    0    0    0]	39	[ 2  3 16  0  0  0]
315	[1488    0    0    0    0    0    0    0    0    0    0    0    0    0]	3	[3 0 0 0 0 0]
316	[97 98  0  0  0  0  0  0  0  0  0  0  0  0]	2	[3 7 0 0 0 0]
317	[438 439 440   0   0   0   0   0   0   0   0   0   0   0]	10	[12 11  0  0  0  0]
318	[515 105  58 516   0   0   0   0   0   0   0   0   0   0]	39	[2 3 0 0 0 0]
319	[1031  105 1032 1033   29    0    0    0    0    0    0    0    0    0]	3	[ 1  2 13  0  0  0]
320	[706   0   0   0   0   0   0   0   0   0   0   0   0   0]	7	[7 0 0 0 0 0]
321	[424   0   0   0   0   0   0   0   0   0   0   0   0   0]	14	[ 3 10  0  0  0  0]
322	[1371  818 1372  268    0    0    0    0    0    0    0    0    0    0]	39	[ 3 11  0  0  0  0]
323	[ 701  105 1501   29    0    0    0    0    0    0    0    0    0    0]	3	[5 2 0 0 0 0]
324	[734   0   0   0   0   0   0   0   0   0   0   0   0   0]	41	[1 2 0 0 0 0]
325	[584 585  29   0   0   0   0   0   0   0   0   0   0   0]	39	[7 0 0 0 0 0]
326	[420 421  48  58 422 423   0   0   0   0   0   0   0   0]	29	[4 5 0 0 0 0]
327	[542 105 543   0   0   0   0   0   0   0   0   0   0   0]	3	[ 7 11  0  0  0  0]
328	[1238   57   12  123 1239    0    0    0    0    0    0    0    0    0]	1	[ 8 17 18  6  0  0]
329	[356 506 163 507  29   0   0   0   0   0   0   0   0   0]	39	[4 5 9 6 0 0]
330	[314 315   0   0   0   0   0   0   0   0   0   0   0   0]	10	[8 6 0 0 0 0]
331	[1531  879    0    0    0    0    0    0    0    0    0    0    0    0]	1	[ 4  3 13  9  0  0]
332	[659   0   0   0   0   0   0   0   0   0   0   0   0   0]	40	[ 4 18  6  0  0  0]
333	[781   0   0   0   0   0   0   0   0   0   0   0   0   0]	28	[4 5 0 0 0 0]
334	[850   0   0   0   0   0   0   0   0   0   0   0   0   0]	3	[7 0 0 0 0 0]
335	[370   0   0   0   0   0   0   0   0   0   0   0   0   0]	9	[8 7 0 0 0 0]
336	[102 103   0   0   0   0   0   0   0   0   0   0   0   0]	6	[ 4  5 11  9 10  0]
337	[676   0   0   0   0   0   0   0   0   0   0   0   0   0]	1	[7 0 0 0 0 0]
338	[377 159 378  29   0   0   0   0   0   0   0   0   0   0]	30	[4 8 7 0 0 0]
339	[563   0   0   0   0   0   0   0   0   0   0   0   0   0]	3	[ 7 13  0  0  0  0]
340	[374   0   0   0   0   0   0   0   0   0   0   0   0   0]	36	[12 11  6  0  0  0]
341	[555 364   0   0   0   0   0   0   0   0   0   0   0   0]	27	[3 7 0 0 0 0]
342	[193 194   0   0   0   0   0   0   0   0   0   0   0   0]	9	[2 3 0 0 0 0]
343	[1203    0    0    0    0    0    0    0    0    0    0    0    0    0]	3	[7 6 0 0 0 0]
344	[1229  634    0    0    0    0    0    0    0    0    0    0    0    0]	3	[7 0 0 0 0 0]
345	[1195    0    0    0    0    0    0    0    0    0    0    0    0    0]	7	[ 3 11  0  0  0  0]
346	[308 342  48  58 343 344   0   0   0   0   0   0   0   0]	30	[3 0 0 0 0 0]
347	[290 970 971  12 972   0   0   0   0   0   0   0   0   0]	1	[4 6 0 0 0 0]
348	[  78  105 1309    0    0    0    0    0    0    0    0    0    0    0]	9	[ 4 11  0  0  0  0]
349	[737   0   0   0   0   0   0   0   0   0   0   0   0   0]	3	[12  6  0  0  0  0]
350	[300   0   0   0   0   0   0   0   0   0   0   0   0   0]	3	[3 7 0 0 0 0]
351	[1317 1318  521    0    0    0    0    0    0    0    0    0    0    0]	39	[ 3 11  0  0  0  0]
352	[372 105 373   0   0   0   0   0   0   0   0   0   0   0]	7	[ 4  5  3 12  9  0]
353	[684 105  88 685  29   0   0   0   0   0   0   0   0   0]	1	[ 7 11  0  0  0  0]
354	[452 698   0   0   0   0   0   0   0   0   0   0   0   0]	1	[ 4  5  7 11  0  0]
355	[ 803 1145    0    0    0    0    0    0    0    0    0    0    0    0]	39	[ 3 11  0  0  0  0]
356	[700 513   0   0   0   0   0   0   0   0   0   0   0   0]	2	[ 3 11  0  0  0  0]
357	[20 21  0  0  0  0  0  0  0  0  0  0  0  0]	1	[15  0  0  0  0  0]
358	[117   0   0   0   0   0   0   0   0   0   0   0   0   0]	2	[7 0 0 0 0 0]
359	[586 587 588 589 586 590   0   0   0   0   0   0   0   0]	39	[ 7 11  0  0  0  0]
360	[682 683   0   0   0   0   0   0   0   0   0   0   0   0]	3	[7 6 0 0 0 0]
361	[498 499 500  21 105 220   0   0   0   0   0   0   0   0]	39	[3 0 0 0 0 0]
362	[1180    0    0    0    0    0    0    0    0    0    0    0    0    0]	1	[3 0 0 0 0 0]
363	[1052    0    0    0    0    0    0    0    0    0    0    0    0    0]	62	[ 8 17 18  0  0  0]
364	[286  48 287   0   0   0   0   0   0   0   0   0   0   0]	22	[ 5  2 13  0  0  0]
365	[ 936 1376    0    0    0    0    0    0    0    0    0    0    0    0]	2	[6 0 0 0 0 0]
366	[251 252  29   0   0   0   0   0   0   0   0   0   0   0]	3	[7 0 0 0 0 0]
367	[ 923  124 1283   29    0    0    0    0    0    0    0    0    0    0]	3	[3 0 0 0 0 0]
368	[19  0  0  0  0  0  0  0  0  0  0  0  0  0]	1	[2 3 7 0 0 0]
369	[118 119   0   0   0   0   0   0   0   0   0   0   0   0]	2	[7 0 0 0 0 0]
370	[526  58 527   0   0   0   0   0   0   0   0   0   0   0]	39	[4 5 0 0 0 0]
371	[ 422 1202   29    0    0    0    0    0    0    0    0    0    0    0]	1	[7 6 0 0 0 0]
372	[1502 1503   29    0    0    0    0    0    0    0    0    0    0    0]	3	[3 7 0 0 0 0]
373	[801  29   0   0   0   0   0   0   0   0   0   0   0   0]	4	[12  0  0  0  0  0]
374	[1342    0    0    0    0    0    0    0    0    0    0    0    0    0]	39	[7 0 0 0 0 0]
375	[ 971 1374    0    0    0    0    0    0    0    0    0    0    0    0]	2	[3 7 0 0 0 0]
376	[ 923 1350    0    0    0    0    0    0    0    0    0    0    0    0]	40	[ 7 11  0  0  0  0]
377	[114  29   0   0   0   0   0   0   0   0   0   0   0   0]	2	[ 8  7 11  6  0  0]
378	[1206 1207    0    0    0    0    0    0    0    0    0    0    0    0]	3	[ 7 10  0  0  0  0]
379	[1095   29    0    0    0    0    0    0    0    0    0    0    0    0]	9	[ 8  7 17  0  0  0]
380	[244 199 245   0   0   0   0   0   0   0   0   0   0   0]	3	[ 4  9 10  0  0  0]
381	[521 230 579   0   0   0   0   0   0   0   0   0   0   0]	39	[3 0 0 0 0 0]
382	[161 162  29   0   0   0   0   0   0   0   0   0   0   0]	2	[ 3 11  0  0  0  0]
383	[555 556   0   0   0   0   0   0   0   0   0   0   0   0]	3	[ 3 11  0  0  0  0]
384	[ 625 1201    0    0    0    0    0    0    0    0    0    0    0    0]	3	[ 7 11  0  0  0  0]
385	[53  0  0  0  0  0  0  0  0  0  0  0  0  0]	1	[ 4  7 10  0  0  0]
386	[ 511 1315 1316    0    0    0    0    0    0    0    0    0    0    0]	3	[3 0 0 0 0 0]
387	[1396    0    0    0    0    0    0    0    0    0    0    0    0    0]	7	[7 0 0 0 0 0]
388	[482  48 483 484 485   0   0   0   0   0   0   0   0   0]	3	[1 3 0 0 0 0]
389	[690   0   0   0   0   0   0   0   0   0   0   0   0   0]	2	[3 0 0 0 0 0]
390	[  52  105  843 1364   29    0    0    0    0    0    0    0    0    0]	3	[9 6 0 0 0 0]
391	[1177   29    0    0    0    0    0    0    0    0    0    0    0    0]	3	[7 6 0 0 0 0]
392	[120 730  29   0   0   0   0   0   0   0   0   0   0   0]	7	[4 5 3 0 0 0]
393	[1481    0    0    0    0    0    0    0    0    0    0    0    0    0]	3	[7 0 0 0 0 0]
394	[568   0   0   0   0   0   0   0   0   0   0   0   0   0]	39	[7 0 0 0 0 0]
395	[682 984 415   0   0   0   0   0   0   0   0   0   0   0]	2	[ 7 12  0  0  0  0]
396	[  4 145  48  12 146   0   0   0   0   0   0   0   0   0]	2	[ 3 11  0  0  0  0]
397	[756 757  29   0   0   0   0   0   0   0   0   0   0   0]	16	[2 7 0 0 0 0]
398	[1269 1222    0    0    0    0    0    0    0    0    0    0    0    0]	7	[ 4  7 18  0  0  0]
399	[953 954   0   0   0   0   0   0   0   0   0   0   0   0]	1	[4 0 0 0 0 0]
400	[569 570   0   0   0   0   0   0   0   0   0   0   0   0]	39	[8 7 0 0 0 0]
401	[885 548 886   0   0   0   0   0   0   0   0   0   0   0]	57	[3 0 0 0 0 0]
402	[1111  858 1043    0    0    0    0    0    0    0    0    0    0    0]	28	[5 3 7 0 0 0]
403	[30 31  0  0  0  0  0  0  0  0  0  0  0  0]	1	[3 0 0 0 0 0]
404	[ 717   48   58 1026    0    0    0    0    0    0    0    0    0    0]	11	[ 1  2 13  0  0  0]
405	[740   0   0   0   0   0   0   0   0   0   0   0   0   0]	3	[3 7 0 0 0 0]
406	[1200   95    0    0    0    0    0    0    0    0    0    0    0    0]	9	[ 3 11  0  0  0  0]
407	[1120 1121    0    0    0    0    0    0    0    0    0    0    0    0]	65	[15  0  0  0  0  0]
408	[ 371 1126    0    0    0    0    0    0    0    0    0    0    0    0]	10	[ 4 12  9  6  0  0]
409	[ 790 1154   29    0    0    0    0    0    0    0    0    0    0    0]	1	[ 3  7 11  0  0  0]
410	[1070 1071    0    0    0    0    0    0    0    0    0    0    0    0]	8	[7 0 0 0 0 0]
411	[ 606  105   58 1050    0    0    0    0    0    0    0    0    0    0]	42	[3 0 0 0 0 0]
412	[456 457   0   0   0   0   0   0   0   0   0   0   0   0]	3	[2 3 0 0 0 0]
413	[254   0   0   0   0   0   0   0   0   0   0   0   0   0]	10	[4 6 0 0 0 0]
414	[1206    0    0    0    0    0    0    0    0    0    0    0    0    0]	3	[ 3 11  0  0  0  0]
415	[572   0   0   0   0   0   0   0   0   0   0   0   0   0]	39	[4 6 0 0 0 0]
416	[101   0   0   0   0   0   0   0   0   0   0   0   0   0]	2	[ 3 11  0  0  0  0]
417	[1165 1166    0    0    0    0    0    0    0    0    0    0    0    0]	11	[7 0 0 0 0 0]
418	[1024 1025    0    0    0    0    0    0    0    0    0    0    0    0]	2	[4 0 0 0 0 0]
419	[294 295 296  29   0   0   0   0   0   0   0   0   0   0]	3	[4 6 0 0 0 0]
420	[1576 1577    0    0    0    0    0    0    0    0    0    0    0    0]	1	[7 0 0 0 0 0]
421	[875 105 876   0   0   0   0   0   0   0   0   0   0   0]	56	[7 0 0 0 0 0]
422	[1058   29    0    0    0    0    0    0    0    0    0    0    0    0]	3	[7 0 0 0 0 0]
423	[324 325   0   0   0   0   0   0   0   0   0   0   0   0]	28	[ 4 11  0  0  0  0]
424	[1056   57 1507    0    0    0    0    0    0    0    0    0    0    0]	1	[3 0 0 0 0 0]
425	[102 451  29 802 803   0   0   0   0   0   0   0   0   0]	26	[4 5 9 0 0 0]
426	[1381 1382    0    0    0    0    0    0    0    0    0    0    0    0]	39	[ 3 11  0  0  0  0]
427	[511 906 907   0   0   0   0   0   0   0   0   0   0   0]	29	[7 0 0 0 0 0]
428	[77 78  0  0  0  0  0  0  0  0  0  0  0  0]	1	[4 8 9 0 0 0]
429	[ 269 1279    0    0    0    0    0    0    0    0    0    0    0    0]	3	[ 5  1  2  3 16  0]
430	[1117 1118 1119    0    0    0    0    0    0    0    0    0    0    0]	11	[7 0 0 0 0 0]
431	[1469 1470  230  579  105 1471    0    0    0    0    0    0    0    0]	39	[14  0  0  0  0  0]
432	[243   0   0   0   0   0   0   0   0   0   0   0   0   0]	3	[3 8 0 0 0 0]
433	[1249  230 1250    0    0    0    0    0    0    0    0    0    0    0]	2	[3 0 0 0 0 0]
434	[91 92  0  0  0  0  0  0  0  0  0  0  0  0]	2	[7 6 0 0 0 0]
435	[1145 1146  268    0    0    0    0    0    0    0    0    0    0    0]	7	[4 7 0 0 0 0]
436	[65 66  0  0  0  0  0  0  0  0  0  0  0  0]	1	[4 7 6 0 0 0]
437	[1188    0    0    0    0    0    0    0    0    0    0    0    0    0]	2	[7 0 0 0 0 0]
438	[107 105 108 109  29   0   0   0   0   0   0   0   0   0]	2	[7 0 0 0 0 0]
439	[102 459 468  29 469 193   0   0   0   0   0   0   0   0]	28	[4 5 9 0 0 0]
440	[897 720  12 898   0   0   0   0   0   0   0   0   0   0]	56	[7 0 0 0 0 0]
441	[992  48 993 994   0   0   0   0   0   0   0   0   0   0]	2	[4 5 6 0 0 0]
442	[1242   29    0    0    0    0    0    0    0    0    0    0    0    0]	1	[12  0  0  0  0  0]
443	[783   0   0   0   0   0   0   0   0   0   0   0   0   0]	29	[3 0 0 0 0 0]
444	[205 124  48  58  25 206   0   0   0   0   0   0   0   0]	12	[ 1  2 13  0  0  0]
445	[383 384   0   0   0   0   0   0   0   0   0   0   0   0]	29	[ 7 10  0  0  0  0]
446	[1448    0    0    0    0    0    0    0    0    0    0    0    0    0]	3	[7 0 0 0 0 0]
447	[1324 1325    0    0    0    0    0    0    0    0    0    0    0    0]	39	[ 5 11  0  0  0  0]
448	[867 868   0   0   0   0   0   0   0   0   0   0   0   0]	54	[ 3 11  0  0  0  0]
449	[1492   20   48 1493  603    0    0    0    0    0    0    0    0    0]	1	[ 3 12  0  0  0  0]
450	[561 428   0   0   0   0   0   0   0   0   0   0   0   0]	3	[7 0 0 0 0 0]
451	[1115   48  754 1116    0    0    0    0    0    0    0    0    0    0]	62	[ 3 18  6  0  0  0]
452	[257 915   0   0   0   0   0   0   0   0   0   0   0   0]	3	[7 6 0 0 0 0]
453	[379 528  29   0   0   0   0   0   0   0   0   0   0   0]	39	[3 0 0 0 0 0]
454	[365 366 268   0   0   0   0   0   0   0   0   0   0   0]	22	[9 0 0 0 0 0]
455	[1267  405  393    0    0    0    0    0    0    0    0    0    0    0]	7	[4 8 7 0 0 0]
456	[1004  583    0    0    0    0    0    0    0    0    0    0    0    0]	2	[4 6 0 0 0 0]
457	[1110    0    0    0    0    0    0    0    0    0    0    0    0    0]	30	[17 18  6  0  0  0]
458	[356 622   0   0   0   0   0   0   0   0   0   0   0   0]	39	[18  0  0  0  0  0]
459	[1197    0    0    0    0    0    0    0    0    0    0    0    0    0]	7	[ 7 11  0  0  0  0]
460	[188 189   0   0   0   0   0   0   0   0   0   0   0   0]	7	[ 4  8 11  0  0  0]
461	[817   0   0   0   0   0   0   0   0   0   0   0   0   0]	1	[7 0 0 0 0 0]
462	[255   0   0   0   0   0   0   0   0   0   0   0   0   0]	3	[ 8  7 11  6  0  0]
463	[20 21 22  0  0  0  0  0  0  0  0  0  0  0]	1	[7 0 0 0 0 0]
464	[304   0   0   0   0   0   0   0   0   0   0   0   0   0]	25	[3 9 0 0 0 0]
465	[284 472   0   0   0   0   0   0   0   0   0   0   0   0]	10	[4 0 0 0 0 0]
466	[1027 1028   29    0    0    0    0    0    0    0    0    0    0    0]	20	[15  0  0  0  0  0]
467	[407   0   0   0   0   0   0   0   0   0   0   0   0   0]	10	[15  0  0  0  0  0]
468	[1478   29    0    0    0    0    0    0    0    0    0    0    0    0]	3	[4 5 0 0 0 0]
469	[1355   58  122 1356    0    0    0    0    0    0    0    0    0    0]	11	[7 0 0 0 0 0]
470	[825 105 826 827  29   0   0   0   0   0   0   0   0   0]	2	[5 0 0 0 0 0]
471	[246 247  29   0   0   0   0   0   0   0   0   0   0   0]	3	[3 0 0 0 0 0]
472	[594  29   0   0   0   0   0   0   0   0   0   0   0   0]	39	[7 0 0 0 0 0]
473	[557 230 558   0   0   0   0   0   0   0   0   0   0   0]	3	[7 0 0 0 0 0]
474	[800   0   0   0   0   0   0   0   0   0   0   0   0   0]	4	[12  0  0  0  0  0]
475	[744 731 745 268   0   0   0   0   0   0   0   0   0   0]	3	[3 0 0 0 0 0]
476	[1408   29    0    0    0    0    0    0    0    0    0    0    0    0]	3	[4 0 0 0 0 0]
477	[1505    0    0    0    0    0    0    0    0    0    0    0    0    0]	35	[14 10  0  0  0  0]
478	[762 763 764  48 765   0   0   0   0   0   0   0   0   0]	3	[ 7 11  0  0  0  0]
479	[1369 1370  268    0    0    0    0    0    0    0    0    0    0    0]	39	[7 0 0 0 0 0]
480	[ 764  417 1021    0    0    0    0    0    0    0    0    0    0    0]	7	[8 6 0 0 0 0]
481	[225 226 227   0   0   0   0   0   0   0   0   0   0   0]	1	[ 4  5  3 10  0  0]
482	[503 504 505   0   0   0   0   0   0   0   0   0   0   0]	3	[3 0 0 0 0 0]
483	[1079  746  580    0    0    0    0    0    0    0    0    0    0    0]	3	[4 5 9 6 0 0]
484	[958 959   0   0   0   0   0   0   0   0   0   0   0   0]	1	[ 7 13  0  0  0  0]
485	[ 927 1359    0    0    0    0    0    0    0    0    0    0    0    0]	3	[3 0 0 0 0 0]
486	[312 313   0   0   0   0   0   0   0   0   0   0   0   0]	27	[13 11  0  0  0  0]
487	[110 111 112   0   0   0   0   0   0   0   0   0   0   0]	2	[4 6 0 0 0 0]
488	[586 722   0   0   0   0   0   0   0   0   0   0   0   0]	7	[3 0 0 0 0 0]
489	[185 186 187  29   0   0   0   0   0   0   0   0   0   0]	7	[ 2  3 13  0  0  0]
490	[853   0   0   0   0   0   0   0   0   0   0   0   0   0]	3	[2 3 0 0 0 0]
491	[839   0   0   0   0   0   0   0   0   0   0   0   0   0]	3	[ 4  5 16  0  0  0]
492	[1228  105  552    0    0    0    0    0    0    0    0    0    0    0]	1	[4 6 0 0 0 0]
493	[190 191  58 192   0   0   0   0   0   0   0   0   0   0]	1	[3 7 0 0 0 0]
494	[ 877  123 1096   29    0    0    0    0    0    0    0    0    0    0]	24	[14  0  0  0  0  0]
495	[1413 1414    0    0    0    0    0    0    0    0    0    0    0    0]	3	[4 5 6 0 0 0]
496	[701 105 510 874  29   0   0   0   0   0   0   0   0   0]	57	[4 5 0 0 0 0]
497	[910 105 911   0   0   0   0   0   0   0   0   0   0   0]	45	[ 5 10  0  0  0  0]
498	[326 327 328   0   0   0   0   0   0   0   0   0   0   0]	13	[7 0 0 0 0 0]
499	[913 293  29   0   0   0   0   0   0   0   0   0   0   0]	59	[18  6  0  0  0  0]
500	[689   0   0   0   0   0   0   0   0   0   0   0   0   0]	1	[7 0 0 0 0 0]
501	[76 29  0  0  0  0  0  0  0  0  0  0  0  0]	1	[9 6 0 0 0 0]
502	[758   0   0   0   0   0   0   0   0   0   0   0   0   0]	42	[ 1  2 13  0  0  0]
503	[258 259 260   0   0   0   0   0   0   0   0   0   0   0]	16	[ 7 11  0  0  0  0]
504	[172  83 173 174   0   0   0   0   0   0   0   0   0   0]	7	[7 0 0 0 0 0]
505	[149  29   0   0   0   0   0   0   0   0   0   0   0   0]	2	[ 3  8 16  0  0  0]
506	[1123 1124    0    0    0    0    0    0    0    0    0    0    0    0]	26	[3 0 0 0 0 0]
507	[1079  191 1545 1546    0    0    0    0    0    0    0    0    0    0]	38	[ 5  2 16  0  0  0]
508	[250   0   0   0   0   0   0   0   0   0   0   0   0   0]	3	[ 7 11  0  0  0  0]
509	[513 663  29   0   0   0   0   0   0   0   0   0   0   0]	40	[ 3 11  0  0  0  0]
510	[211 212   0   0   0   0   0   0   0   0   0   0   0   0]	3	[3 0 0 0 0 0]
511	[150   0   0   0   0   0   0   0   0   0   0   0   0   0]	2	[ 4  3 15  0  0  0]
512	[481   0   0   0   0   0   0   0   0   0   0   0   0   0]	10	[8 7 9 0 0 0]
513	[1487    0    0    0    0    0    0    0    0    0    0    0    0    0]	7	[6 0 0 0 0 0]
514	[929 930 931   0   0   0   0   0   0   0   0   0   0   0]	5	[3 7 0 0 0 0]
515	[1074 1075 1076   70 1077    0    0    0    0    0    0    0    0    0]	3	[14  0  0  0  0  0]
516	[1407   83  182 1407    0    0    0    0    0    0    0    0    0    0]	3	[7 6 0 0 0 0]
517	[1057  631    0    0    0    0    0    0    0    0    0    0    0    0]	3	[7 6 0 0 0 0]
518	[214 215   0   0   0   0   0   0   0   0   0   0   0   0]	3	[7 0 0 0 0 0]
519	[428 201  12 429 268   0   0   0   0   0   0   0   0   0]	28	[ 7 11  0  0  0  0]
520	[609 610 180 276 135   0   0   0   0   0   0   0   0   0]	3	[ 3 13 11  0  0  0]
521	[ 861 1398 1382  603   12  454  177    0    0    0    0    0    0    0]	7	[7 6 0 0 0 0]
522	[1321  179 1322    0    0    0    0    0    0    0    0    0    0    0]	39	[ 7 11  0  0  0  0]
523	[367 368   0   0   0   0   0   0   0   0   0   0   0   0]	26	[ 7 10  0  0  0  0]
524	[ 278  255 1007  356   57 1476 1477    0    0    0    0    0    0    0]	3	[5 2 0 0 0 0]
525	[102 451 699   0   0   0   0   0   0   0   0   0   0   0]	2	[4 5 9 0 0 0]
526	[120 121 122   0   0   0   0   0   0   0   0   0   0   0]	2	[7 0 0 0 0 0]
527	[1512  230  522    0    0    0    0    0    0    0    0    0    0    0]	24	[1 2 0 0 0 0]
528	[1023   57  928    0    0    0    0    0    0    0    0    0    0    0]	7	[3 0 0 0 0 0]
529	[297  48  58 298  29   0   0   0   0   0   0   0   0   0]	3	[4 5 0 0 0 0]
530	[1142   21    0    0    0    0    0    0    0    0    0    0    0    0]	39	[3 0 0 0 0 0]
531	[1198    0    0    0    0    0    0    0    0    0    0    0    0    0]	2	[3 7 0 0 0 0]
532	[923 932  29   0   0   0   0   0   0   0   0   0   0   0]	41	[3 0 0 0 0 0]
533	[ 295 1427 1428    0    0    0    0    0    0    0    0    0    0    0]	39	[3 0 0 0 0 0]
534	[ 275  105   58 1056   20    0    0    0    0    0    0    0    0    0]	19	[12  9  0  0  0  0]
535	[1378    0    0    0    0    0    0    0    0    0    0    0    0    0]	48	[ 3 18 11  6  0  0]
536	[576   0   0   0   0   0   0   0   0   0   0   0   0   0]	39	[ 8  7 17  0  0  0]
537	[1257  667 1258    0    0    0    0    0    0    0    0    0    0    0]	2	[3 0 0 0 0 0]
538	[1167 1168   48 1169    0    0    0    0    0    0    0    0    0    0]	29	[7 0 0 0 0 0]
539	[1385    0    0    0    0    0    0    0    0    0    0    0    0    0]	1	[7 0 0 0 0 0]
540	[63 64  0  0  0  0  0  0  0  0  0  0  0  0]	1	[4 0 0 0 0 0]
541	[1210  230 1211    0    0    0    0    0    0    0    0    0    0    0]	7	[ 3 11  0  0  0  0]
542	[169  29   0   0   0   0   0   0   0   0   0   0   0   0]	2	[3 0 0 0 0 0]
543	[918 719   0   0   0   0   0   0   0   0   0   0   0   0]	35	[3 0 0 0 0 0]
544	[1159 1504  268    0    0    0    0    0    0    0    0    0    0    0]	1	[2 7 0 0 0 0]
545	[449  58 450   0   0   0   0   0   0   0   0   0   0   0]	3	[7 0 0 0 0 0]
546	[1308   83   23    0    0    0    0    0    0    0    0    0    0    0]	3	[14  7  0  0  0  0]
547	[919   0   0   0   0   0   0   0   0   0   0   0   0   0]	26	[ 3  7 11  0  0  0]
548	[554   0   0   0   0   0   0   0   0   0   0   0   0   0]	3	[ 7 11  0  0  0  0]
549	[ 790   57 1038  793    0    0    0    0    0    0    0    0    0    0]	44	[13 11  0  0  0  0]
550	[ 798 1005    0    0    0    0    0    0    0    0    0    0    0    0]	7	[12  9  6  0  0  0]
551	[999   0   0   0   0   0   0   0   0   0   0   0   0   0]	2	[ 7 12  0  0  0  0]
552	[711 712 713   0   0   0   0   0   0   0   0   0   0   0]	7	[3 0 0 0 0 0]
553	[633  29   0   0   0   0   0   0   0   0   0   0   0   0]	39	[5 6 0 0 0 0]
554	[664   0   0   0   0   0   0   0   0   0   0   0   0   0]	40	[5 9 6 0 0 0]
555	[644 257   0   0   0   0   0   0   0   0   0   0   0   0]	39	[4 7 0 0 0 0]
556	[ 638  191 1383  182  790 1384    0    0    0    0    0    0    0    0]	1	[ 7 11  0  0  0  0]
557	[869 870   0   0   0   0   0   0   0   0   0   0   0   0]	42	[17  0  0  0  0  0]
558	[233 230 234  29 235 105 236 237   0   0   0   0   0   0]	3	[1 0 0 0 0 0]
559	[56 57 58 59  0  0  0  0  0  0  0  0  0  0]	1	[4 5 8 0 0 0]
560	[1230 1231    0    0    0    0    0    0    0    0    0    0    0    0]	3	[3 0 0 0 0 0]
561	[90  0  0  0  0  0  0  0  0  0  0  0  0  0]	2	[7 6 0 0 0 0]
562	[1389 1390    0    0    0    0    0    0    0    0    0    0    0    0]	1	[3 7 0 0 0 0]
563	[ 798 1005    0    0    0    0    0    0    0    0    0    0    0    0]	7	[12  9  6  0  0  0]
564	[908 909  29   0   0   0   0   0   0   0   0   0   0   0]	21	[ 4  7 15  0  0  0]
565	[686   0   0   0   0   0   0   0   0   0   0   0   0   0]	1	[3 0 0 0 0 0]
566	[638 191 639  12 640   0   0   0   0   0   0   0   0   0]	39	[3 0 0 0 0 0]
567	[ 227 1248    0    0    0    0    0    0    0    0    0    0    0    0]	2	[4 0 0 0 0 0]
568	[786 787  48  58 788 789   0   0   0   0   0   0   0   0]	20	[ 4  3 15  0  0  0]
569	[454 177   0   0   0   0   0   0   0   0   0   0   0   0]	3	[7 6 0 0 0 0]
570	[102 459 804  29 709 805   0   0   0   0   0   0   0   0]	29	[4 5 9 0 0 0]
571	[1094    0    0    0    0    0    0    0    0    0    0    0    0    0]	29	[ 4  7 10  0  0  0]
572	[602 532 602 603 604   0   0   0   0   0   0   0   0   0]	39	[3 7 0 0 0 0]
573	[1361   58  738    0    0    0    0    0    0    0    0    0    0    0]	3	[2 3 0 0 0 0]
574	[1013  647 1014  548   12 1015 1016 1017  927   12 1018   29    0    0]	1	[ 3 11  0  0  0  0]
575	[1483 1097    0    0    0    0    0    0    0    0    0    0    0    0]	1	[ 3 11  0  0  0  0]
576	[199  58 776 777 778  29   0   0   0   0   0   0   0   0]	44	[7 9 0 0 0 0]
577	[335 105  58 336 337 338 339   0   0   0   0   0   0   0]	28	[7 0 0 0 0 0]
578	[ 290 1462 1463 1464 1465 1434    0    0    0    0    0    0    0    0]	29	[4 6 0 0 0 0]
579	[1556 1557 1558    0    0    0    0    0    0    0    0    0    0    0]	39	[ 7 11  0  0  0  0]
580	[1133   29    0    0    0    0    0    0    0    0    0    0    0    0]	3	[7 0 0 0 0 0]
581	[ 340 1450    0    0    0    0    0    0    0    0    0    0    0    0]	39	[3 7 0 0 0 0]
582	[1155    0    0    0    0    0    0    0    0    0    0    0    0    0]	1	[7 0 0 0 0 0]
583	[552 191 553 268   0   0   0   0   0   0   0   0   0   0]	3	[7 0 0 0 0 0]
584	[508 509  29   0   0   0   0   0   0   0   0   0   0   0]	1	[ 7 11  0  0  0  0]
585	[774  48 775   0   0   0   0   0   0   0   0   0   0   0]	22	[3 0 0 0 0 0]
586	[672 673   0   0   0   0   0   0   0   0   0   0   0   0]	1	[4 0 0 0 0 0]
587	[519 577 578   0   0   0   0   0   0   0   0   0   0   0]	39	[4 6 0 0 0 0]
588	[ 861 1535  105  884    0    0    0    0    0    0    0    0    0    0]	27	[ 7 11  0  0  0  0]
589	[889 902   0   0   0   0   0   0   0   0   0   0   0   0]	8	[12  0  0  0  0  0]
590	[742 743  29   0   0   0   0   0   0   0   0   0   0   0]	3	[ 3 16 11  9  0  0]
591	[935   0   0   0   0   0   0   0   0   0   0   0   0   0]	8	[7 0 0 0 0 0]
592	[1112  892   29    0    0    0    0    0    0    0    0    0    0    0]	45	[17  6  0  0  0  0]
593	[ 434  504  136 1552    0    0    0    0    0    0    0    0    0    0]	3	[14  0  0  0  0  0]
594	[771  29 733  29   0   0   0   0   0   0   0   0   0   0]	28	[ 4  1  2  9  6 10]
595	[ 673   48   58 1530    0    0    0    0    0    0    0    0    0    0]	2	[7 6 0 0 0 0]
596	[1341   29    0    0    0    0    0    0    0    0    0    0    0    0]	39	[7 0 0 0 0 0]
597	[  64  400   58 1183    0    0    0    0    0    0    0    0    0    0]	1	[3 7 0 0 0 0]
598	[488   0   0   0   0   0   0   0   0   0   0   0   0   0]	39	[2 3 0 0 0 0]
599	[1020   29    0    0    0    0    0    0    0    0    0    0    0    0]	7	[ 7 11  0  0  0  0]
600	[1245 1246 1247    0    0    0    0    0    0    0    0    0    0    0]	1	[ 3  7 11  0  0  0]
601	[592 268 188   2   0   0   0   0   0   0   0   0   0   0]	39	[ 2  7 16  0  0  0]
602	[1442   83 1443    0    0    0    0    0    0    0    0    0    0    0]	3	[3 0 0 0 0 0]
603	[1093  105 1094    0    0    0    0    0    0    0    0    0    0    0]	34	[ 7 10  0  0  0  0]
604	[1232 1233 1234    0    0    0    0    0    0    0    0    0    0    0]	3	[ 3 11  0  0  0  0]
605	[ 458   78   57   58 1449    0    0    0    0    0    0    0    0    0]	3	[8 0 0 0 0 0]
606	[1527 1528  105 1529    0    0    0    0    0    0    0    0    0    0]	7	[ 7 18  0  0  0  0]
607	[725 726   0   0   0   0   0   0   0   0   0   0   0   0]	2	[ 3  8 12  0  0  0]
608	[1344 1345 1346 1347 1348  310   57 1349    0    0    0    0    0    0]	39	[3 7 0 0 0 0]
609	[1321   58  578    0    0    0    0    0    0    0    0    0    0    0]	3	[ 3 11  0  0  0  0]
610	[ 510  723 1065  105  766    0    0    0    0    0    0    0    0    0]	11	[7 0 0 0 0 0]
611	[1002 1003    0    0    0    0    0    0    0    0    0    0    0    0]	7	[3 6 0 0 0 0]
612	[975   0   0   0   0   0   0   0   0   0   0   0   0   0]	1	[9 0 0 0 0 0]
613	[889 400  12 157 555 890   0   0   0   0   0   0   0   0]	49	[7 0 0 0 0 0]
614	[1495   29    0    0    0    0    0    0    0    0    0    0    0    0]	3	[3 0 0 0 0 0]
615	[ 180 1138 1139  135 1140  422 1141    0    0    0    0    0    0    0]	39	[12 18  6  0  0  0]
616	[412  70 413   0   0   0   0   0   0   0   0   0   0   0]	9	[ 4  7 11  0  0  0]
617	[593   0   0   0   0   0   0   0   0   0   0   0   0   0]	39	[8 0 0 0 0 0]
618	[1050  105  415    0    0    0    0    0    0    0    0    0    0    0]	64	[12  0  0  0  0  0]
619	[165 166 167 168   0   0   0   0   0   0   0   0   0   0]	7	[ 3 11  0  0  0  0]
620	[861 818 603 157   0   0   0   0   0   0   0   0   0   0]	52	[3 8 0 0 0 0]
621	[538 539 540   0   0   0   0   0   0   0   0   0   0   0]	1	[ 7 11  0  0  0  0]
622	[1099    0    0    0    0    0    0    0    0    0    0    0    0    0]	32	[ 7 10  0  0  0  0]
623	[1012   21    0    0    0    0    0    0    0    0    0    0    0    0]	7	[4 9 0 0 0 0]
624	[1467 1468    0    0    0    0    0    0    0    0    0    0    0    0]	48	[7 0 0 0 0 0]
625	[ 310 1332 1333  268    0    0    0    0    0    0    0    0    0    0]	39	[11  6  0  0  0  0]
626	[1310    0    0    0    0    0    0    0    0    0    0    0    0    0]	13	[ 4  7 18 11  6  0]
627	[ 130  276 1375  191  484  201  603    0    0    0    0    0    0    0]	7	[7 0 0 0 0 0]
628	[1285   29    0    0    0    0    0    0    0    0    0    0    0    0]	3	[5 0 0 0 0 0]
629	[1485   29    0    0    0    0    0    0    0    0    0    0    0    0]	2	[3 7 0 0 0 0]
630	[ 67 230 510   0   0   0   0   0   0   0   0   0   0   0]	39	[4 5 8 0 0 0]
631	[564 565   0   0   0   0   0   0   0   0   0   0   0   0]	39	[3 0 0 0 0 0]
632	[957   0   0   0   0   0   0   0   0   0   0   0   0   0]	1	[ 1  2 13 11  0  0]
633	[1019    0    0    0    0    0    0    0    0    0    0    0    0    0]	7	[7 6 0 0 0 0]
634	[952 524   0   0   0   0   0   0   0   0   0   0   0   0]	39	[2 3 0 0 0 0]
635	[ 586 1280    0    0    0    0    0    0    0    0    0    0    0    0]	3	[ 3 11  0  0  0  0]
636	[138 139 434 674 675   0   0   0   0   0   0   0   0   0]	1	[3 0 0 0 0 0]
637	[976  57  58 977 268   0   0   0   0   0   0   0   0   0]	1	[ 7 11  0  0  0  0]
638	[599   0   0   0   0   0   0   0   0   0   0   0   0   0]	39	[ 4  7 11  0  0  0]
639	[880   0   0   0   0   0   0   0   0   0   0   0   0   0]	1	[3 0 0 0 0 0]
640	[1541 1542    0    0    0    0    0    0    0    0    0    0    0    0]	2	[ 7 18 11  0  0  0]
641	[877 293  29   0   0   0   0   0   0   0   0   0   0   0]	58	[18  0  0  0  0  0]
642	[410   0   0   0   0   0   0   0   0   0   0   0   0   0]	14	[ 7 10  0  0  0  0]
643	[210  29   0   0   0   0   0   0   0   0   0   0   0   0]	14	[1 2 0 0 0 0]
644	[878 879 880   0   0   0   0   0   0   0   0   0   0   0]	41	[3 0 0 0 0 0]
645	[386 387   0   0   0   0   0   0   0   0   0   0   0   0]	31	[7 0 0 0 0 0]
646	[1147 1148    0    0    0    0    0    0    0    0    0    0    0    0]	39	[ 3 10  0  0  0  0]
647	[216   0   0   0   0   0   0   0   0   0   0   0   0   0]	1	[7 0 0 0 0 0]
648	[1275  511 1354    0    0    0    0    0    0    0    0    0    0    0]	7	[ 7 11  0  0  0  0]
649	[89  0  0  0  0  0  0  0  0  0  0  0  0  0]	2	[3 0 0 0 0 0]
650	[834 835   0   0   0   0   0   0   0   0   0   0   0   0]	7	[7 0 0 0 0 0]
651	[1320  634    0    0    0    0    0    0    0    0    0    0    0    0]	39	[7 0 0 0 0 0]
652	[1551    0    0    0    0    0    0    0    0    0    0    0    0    0]	1	[4 8 6 0 0 0]
653	[414 966 967  29   0   0   0   0   0   0   0   0   0   0]	1	[8 0 0 0 0 0]
654	[316   0   0   0   0   0   0   0   0   0   0   0   0   0]	28	[ 7 10  0  0  0  0]
655	[295 105 673   0   0   0   0   0   0   0   0   0   0   0]	1	[8 7 6 0 0 0]
656	[1555   29    0    0    0    0    0    0    0    0    0    0    0    0]	39	[12  0  0  0  0  0]
657	[1268   29    0    0    0    0    0    0    0    0    0    0    0    0]	7	[4 7 0 0 0 0]
658	[1351  230 1352    0    0    0    0    0    0    0    0    0    0    0]	39	[ 7 11  0  0  0  0]
659	[948 191 276   0   0   0   0   0   0   0   0   0   0   0]	39	[ 3 11  0  0  0  0]
660	[836   0   0   0   0   0   0   0   0   0   0   0   0   0]	7	[15  0  0  0  0  0]
661	[618  57  58 452   0   0   0   0   0   0   0   0   0   0]	1	[7 6 0 0 0 0]
662	[1199    0    0    0    0    0    0    0    0    0    0    0    0    0]	2	[ 3 11  0  0  0  0]
663	[274 933  29   0   0   0   0   0   0   0   0   0   0   0]	55	[17 18  0  0  0  0]
664	[645 646   0   0   0   0   0   0   0   0   0   0   0   0]	39	[7 0 0 0 0 0]
665	[806 458   0   0   0   0   0   0   0   0   0   0   0   0]	8	[ 3 13 11  0  0  0]
666	[ 21 647 943 639 148  29   0   0   0   0   0   0   0   0]	38	[5 0 0 0 0 0]
667	[936 937  29   0   0   0   0   0   0   0   0   0   0   0]	37	[ 7 10  0  0  0  0]
668	[ 122 1223    0    0    0    0    0    0    0    0    0    0    0    0]	39	[8 6 0 0 0 0]
669	[1240 1241    0    0    0    0    0    0    0    0    0    0    0    0]	1	[4 9 6 0 0 0]
670	[290 291 458   0   0   0   0   0   0   0   0   0   0   0]	9	[4 6 0 0 0 0]
671	[  79 1305  400 1091 1306 1307    0    0    0    0    0    0    0    0]	3	[ 7 11  0  0  0  0]
672	[1042 1043   57 1044 1045    0    0    0    0    0    0    0    0    0]	62	[13  0  0  0  0  0]
673	[ 257 1006 1007   29 1008  105 1009  574    0    0    0    0    0    0]	2	[ 3 15  0  0  0  0]
674	[ 186   48 1589    0    0    0    0    0    0    0    0    0    0    0]	3	[ 7 18  0  0  0  0]
675	[511 310 938  12 657 939 940 941 942   0   0   0   0   0]	32	[7 0 0 0 0 0]
676	[1204  257  105 1205   29    0    0    0    0    0    0    0    0    0]	3	[4 6 0 0 0 0]
677	[ 422   21 1296    0    0    0    0    0    0    0    0    0    0    0]	3	[ 4  7 15  0  0  0]
678	[489 490 105 205   0   0   0   0   0   0   0   0   0   0]	39	[4 7 6 0 0 0]
679	[1227    0    0    0    0    0    0    0    0    0    0    0    0    0]	1	[9 0 0 0 0 0]
680	[1435   58 1436  105   58  662 1437 1438 1439 1440 1441    0    0    0]	11	[7 9 0 0 0 0]
681	[ 284  472  197 1579 1580    0    0    0    0    0    0    0    0    0]	1	[4 0 0 0 0 0]
682	[1120 1454 1120    0    0    0    0    0    0    0    0    0    0    0]	3	[3 0 0 0 0 0]
683	[794 795  29   0   0   0   0   0   0   0   0   0   0   0]	26	[12  0  0  0  0  0]
684	[179 180 181 182 183 184   0   0   0   0   0   0   0   0]	7	[ 3 11  6  0  0  0]
685	[1429 1345   70 1430 1431 1432  310  105 1433 1434    0    0    0    0]	11	[7 0 0 0 0 0]
686	[ 598  105 1311   29 1312 1313 1311 1314    0    0    0    0    0    0]	14	[7 0 0 0 0 0]
687	[840  48  58 841 842   0   0   0   0   0   0   0   0   0]	3	[ 1  2 13  0  0  0]
688	[665  29   0   0   0   0   0   0   0   0   0   0   0   0]	2	[ 7 18  6  0  0  0]
689	[ 923 1068   29    0    0    0    0    0    0    0    0    0    0    0]	23	[ 3 13  0  0  0  0]
690	[617 275   0   0   0   0   0   0   0   0   0   0   0   0]	3	[7 0 0 0 0 0]
691	[154 155 810  29 811   0   0   0   0   0   0   0   0   0]	39	[5 2 7 0 0 0]
692	[1172 1173 1174    0    0    0    0    0    0    0    0    0    0    0]	32	[3 0 0 0 0 0]
693	[1054 1055   29    0    0    0    0    0    0    0    0    0    0    0]	64	[6 0 0 0 0 0]
694	[208 209   0   0   0   0   0   0   0   0   0   0   0   0]	13	[ 4  5  1 12  9  0]
695	[1157 1158   29    0    0    0    0    0    0    0    0    0    0    0]	1	[7 0 0 0 0 0]
696	[1567   21 1568 1569    0    0    0    0    0    0    0    0    0    0]	2	[ 3 12  0  0  0  0]
697	[510 723 364  57 724   0   0   0   0   0   0   0   0   0]	7	[3 0 0 0 0 0]
698	[521  58  46 105 838   0   0   0   0   0   0   0   0   0]	7	[4 6 0 0 0 0]
699	[1405    0    0    0    0    0    0    0    0    0    0    0    0    0]	11	[ 3 10  0  0  0  0]
700	[595 105  58 596  29   0   0   0   0   0   0   0   0   0]	39	[ 7 11  6  0  0  0]
701	[1508 1509    0    0    0    0    0    0    0    0    0    0    0    0]	2	[6 0 0 0 0 0]
702	[442   0   0   0   0   0   0   0   0   0   0   0   0   0]	3	[6 0 0 0 0 0]
703	[1162  105   58 1163   29    0    0    0    0    0    0    0    0    0]	7	[ 7 11  0  0  0  0]
704	[517 518   0   0   0   0   0   0   0   0   0   0   0   0]	39	[ 4 18  9  6  0  0]
705	[1422 1423    0    0    0    0    0    0    0    0    0    0    0    0]	39	[ 7 11  0  0  0  0]
706	[1402   58 1403   48   58 1404  199    0    0    0    0    0    0    0]	19	[1 2 0 0 0 0]
707	[340 341   0   0   0   0   0   0   0   0   0   0   0   0]	31	[3 0 0 0 0 0]
708	[1101 1102   29 1103 1104 1105    0    0    0    0    0    0    0    0]	34	[7 0 0 0 0 0]
709	[611 612  29 613 614 259 510 615 616   0   0   0   0   0]	3	[14  0  0  0  0  0]
710	[126 127  29   0   0   0   0   0   0   0   0   0   0   0]	2	[2 3 0 0 0 0]
711	[1399 1388    0    0    0    0    0    0    0    0    0    0    0    0]	34	[ 3 13  0  0  0  0]
712	[1106   48 1107 1108   20    0    0    0    0    0    0    0    0    0]	9	[3 7 0 0 0 0]
713	[1420  639   12 1267  191 1496 1497  134 1498 1499 1500   57   58  615]	3	[3 0 0 0 0 0]
714	[ 273 1331    0    0    0    0    0    0    0    0    0    0    0    0]	39	[7 0 0 0 0 0]
715	[841   0   0   0   0   0   0   0   0   0   0   0   0   0]	47	[7 0 0 0 0 0]
716	[1270   29    0    0    0    0    0    0    0    0    0    0    0    0]	2	[4 0 0 0 0 0]
717	[198 275   0   0   0   0   0   0   0   0   0   0   0   0]	7	[4 0 0 0 0 0]
718	[276 277  29   0   0   0   0   0   0   0   0   0   0   0]	20	[2 3 0 0 0 0]
719	[1237    0    0    0    0    0    0    0    0    0    0    0    0    0]	1	[ 4  5 18  9  0  0]
720	[1235    0    0    0    0    0    0    0    0    0    0    0    0    0]	10	[ 3 11  0  0  0  0]
721	[138 139 140 141   0   0   0   0   0   0   0   0   0   0]	2	[3 0 0 0 0 0]
722	[ 120 1062   29    0    0    0    0    0    0    0    0    0    0    0]	50	[ 1  2 13  0  0  0]
723	[1264    0    0    0    0    0    0    0    0    0    0    0    0    0]	2	[4 9 0 0 0 0]
724	[1218 1219   29    0    0    0    0    0    0    0    0    0    0    0]	40	[4 6 0 0 0 0]
725	[1590   58 1591    0    0    0    0    0    0    0    0    0    0    0]	39	[ 7 11  0  0  0  0]
726	[789  57 108 982 983 268   0   0   0   0   0   0   0   0]	1	[ 5  2  3 16 11  9]
727	[654 435   0   0   0   0   0   0   0   0   0   0   0   0]	39	[3 7 0 0 0 0]
728	[ 544  136 1565    0    0    0    0    0    0    0    0    0    0    0]	2	[8 7 0 0 0 0]
729	[828 400 829 693   0   0   0   0   0   0   0   0   0   0]	2	[7 0 0 0 0 0]
730	[452 789   0   0   0   0   0   0   0   0   0   0   0   0]	3	[2 3 0 0 0 0]
731	[514 681   0   0   0   0   0   0   0   0   0   0   0   0]	3	[3 0 0 0 0 0]
732	[1329 1330    0    0    0    0    0    0    0    0    0    0    0    0]	39	[7 0 0 0 0 0]
733	[1067    0    0    0    0    0    0    0    0    0    0    0    0    0]	8	[ 3 13  0  0  0  0]
734	[1243  191 1244  167    0    0    0    0    0    0    0    0    0    0]	1	[ 3  7 11  0  0  0]
735	[960 191 484  57 961 962 963  20   0   0   0   0   0   0]	1	[ 8  7 11  0  0  0]
736	[347 348   0   0   0   0   0   0   0   0   0   0   0   0]	24	[ 3  7 11  0  0  0]
737	[694 746  58 695 696 747 105 748   0   0   0   0   0   0]	3	[12  0  0  0  0  0]
738	[624 625   0   0   0   0   0   0   0   0   0   0   0   0]	39	[ 4  7 10  0  0  0]
739	[248  29   0   0   0   0   0   0   0   0   0   0   0   0]	3	[ 3 12  0  0  0  0]
740	[1066    0    0    0    0    0    0    0    0    0    0    0    0    0]	3	[8 7 0 0 0 0]
741	[238 239 240   0   0   0   0   0   0   0   0   0   0   0]	1	[3 0 0 0 0 0]
742	[521  58 522 105 364   0   0   0   0   0   0   0   0   0]	39	[7 0 0 0 0 0]
743	[72 73  0  0  0  0  0  0  0  0  0  0  0  0]	1	[ 7  6 10  0  0  0]
744	[511 749 750   0   0   0   0   0   0   0   0   0   0   0]	8	[3 0 0 0 0 0]
745	[ 79 872  12 873   0   0   0   0   0   0   0   0   0   0]	56	[ 3 11  6  0  0  0]
746	[299   0   0   0   0   0   0   0   0   0   0   0   0   0]	3	[7 0 0 0 0 0]
747	[1286    0    0    0    0    0    0    0    0    0    0    0    0    0]	3	[4 5 6 0 0 0]
748	[249 102   0   0   0   0   0   0   0   0   0   0   0   0]	3	[ 7 18  0  0  0  0]
749	[1000 1001    0    0    0    0    0    0    0    0    0    0    0    0]	2	[15  0  0  0  0  0]
750	[1299 1300   29    0    0    0    0    0    0    0    0    0    0    0]	52	[2 3 0 0 0 0]
751	[1301    0    0    0    0    0    0    0    0    0    0    0    0    0]	3	[8 0 0 0 0 0]
752	[760  57 761   0   0   0   0   0   0   0   0   0   0   0]	44	[ 1  2 13  0  0  0]
753	[562 458   0   0   0   0   0   0   0   0   0   0   0   0]	39	[12  6  0  0  0  0]
754	[1553    0    0    0    0    0    0    0    0    0    0    0    0    0]	22	[7 0 0 0 0 0]
755	[995 996 997 185   0   0   0   0   0   0   0   0   0   0]	2	[12  0  0  0  0  0]
756	[1046  167 1047    0    0    0    0    0    0    0    0    0    0    0]	42	[7 0 0 0 0 0]
757	[1274 1275  191   58 1276    0    0    0    0    0    0    0    0    0]	1	[12  0  0  0  0  0]
758	[1127    0    0    0    0    0    0    0    0    0    0    0    0    0]	10	[12  0  0  0  0  0]
759	[ 825 1022   29    0    0    0    0    0    0    0    0    0    0    0]	7	[2 7 0 0 0 0]
760	[925 926  29   0   0   0   0   0   0   0   0   0   0   0]	51	[ 7 10  0  0  0  0]
761	[1187    0    0    0    0    0    0    0    0    0    0    0    0    0]	2	[3 9 0 0 0 0]
762	[1151   29    0    0    0    0    0    0    0    0    0    0    0    0]	39	[4 6 0 0 0 0]
763	[630 631   0   0   0   0   0   0   0   0   0   0   0   0]	40	[8 7 6 0 0 0]
764	[716 616 809   0   0   0   0   0   0   0   0   0   0   0]	39	[4 3 0 0 0 0]
765	[319 320   0   0   0   0   0   0   0   0   0   0   0   0]	10	[18  6  0  0  0  0]
766	[871   0   0   0   0   0   0   0   0   0   0   0   0   0]	55	[17 11  6  0  0  0]
767	[1418   48   58 1419   29    0    0    0    0    0    0    0    0    0]	39	[ 3 11  0  0  0  0]
768	[1079  746  997 1080    0    0    0    0    0    0    0    0    0    0]	13	[4 5 9 6 0 0]
769	[1593    0    0    0    0    0    0    0    0    0    0    0    0    0]	19	[5 9 0 0 0 0]
770	[1278    0    0    0    0    0    0    0    0    0    0    0    0    0]	3	[3 0 0 0 0 0]
771	[881  58 662  57 882  78   0   0   0   0   0   0   0   0]	47	[5 3 0 0 0 0]
772	[1523 1524  634    0    0    0    0    0    0    0    0    0    0    0]	1	[3 0 0 0 0 0]
773	[69 70 71  0  0  0  0  0  0  0  0  0  0  0]	5	[7 0 0 0 0 0]
774	[1297  293   29    0    0    0    0    0    0    0    0    0    0    0]	3	[4 6 0 0 0 0]
775	[1161    0    0    0    0    0    0    0    0    0    0    0    0    0]	2	[ 3 11  0  0  0  0]
776	[1466    0    0    0    0    0    0    0    0    0    0    0    0    0]	62	[18  6  0  0  0  0]
777	[1059  712 1060    0    0    0    0    0    0    0    0    0    0    0]	36	[5 2 0 0 0 0]
778	[860  29   0   0   0   0   0   0   0   0   0   0   0   0]	36	[3 7 0 0 0 0]
779	[945 946 268 947 105 276   0   0   0   0   0   0   0   0]	3	[11  0  0  0  0  0]
780	[891   0   0   0   0   0   0   0   0   0   0   0   0   0]	22	[ 3 10  0  0  0  0]
781	[632   0   0   0   0   0   0   0   0   0   0   0   0   0]	39	[7 0 0 0 0 0]
782	[ 291 1266    0    0    0    0    0    0    0    0    0    0    0    0]	7	[4 5 8 6 0 0]
783	[ 838  927 1473    0    0    0    0    0    0    0    0    0    0    0]	39	[4 7 6 0 0 0]
784	[526  58 527   0   0   0   0   0   0   0   0   0   0   0]	39	[4 5 0 0 0 0]
785	[1186  814    0    0    0    0    0    0    0    0    0    0    0    0]	2	[ 7 11  0  0  0  0]
786	[1543 1544    0    0    0    0    0    0    0    0    0    0    0    0]	3	[ 7 11  0  0  0  0]
787	[1426    0    0    0    0    0    0    0    0    0    0    0    0    0]	39	[ 5  1  2  3 13  0]
788	[ 34 271 272 191 273   0   0   0   0   0   0   0   0   0]	17	[7 0 0 0 0 0]
789	[985  48  58 986  29   0   0   0   0   0   0   0   0   0]	1	[ 4  5 15  0  0  0]
790	[1109  105  404    0    0    0    0    0    0    0    0    0    0    0]	49	[ 8 17  6  0  0  0]
791	[93 94 21 95  0  0  0  0  0  0  0  0  0  0]	2	[3 7 0 0 0 0]
792	[ 953 1323    0    0    0    0    0    0    0    0    0    0    0    0]	39	[4 3 0 0 0 0]
793	[317 259 318   0   0   0   0   0   0   0   0   0   0   0]	29	[3 0 0 0 0 0]
794	[548  57 817   0   0   0   0   0   0   0   0   0   0   0]	51	[3 0 0 0 0 0]
795	[582 583 193   0   0   0   0   0   0   0   0   0   0   0]	3	[5 2 0 0 0 0]
796	[1051    0    0    0    0    0    0    0    0    0    0    0    0    0]	49	[13  0  0  0  0  0]
797	[1334 1335    0    0    0    0    0    0    0    0    0    0    0    0]	39	[7 0 0 0 0 0]
798	[87 88  0  0  0  0  0  0  0  0  0  0  0  0]	1	[3 0 0 0 0 0]
799	[641 642   0   0   0   0   0   0   0   0   0   0   0   0]	39	[8 6 0 0 0 0]
800	[630 631   0   0   0   0   0   0   0   0   0   0   0   0]	40	[8 7 6 0 0 0]
801	[529   0   0   0   0   0   0   0   0   0   0   0   0   0]	39	[7 9 6 0 0 0]
802	[ 368   48 1494    0    0    0    0    0    0    0    0    0    0    0]	1	[7 0 0 0 0 0]
803	[1048    0    0    0    0    0    0    0    0    0    0    0    0    0]	41	[11  6  0  0  0  0]
804	[ 716 1475   29    0    0    0    0    0    0    0    0    0    0    0]	7	[3 0 0 0 0 0]
805	[573 574   0   0   0   0   0   0   0   0   0   0   0   0]	39	[7 0 0 0 0 0]
806	[1358    0    0    0    0    0    0    0    0    0    0    0    0    0]	3	[9 6 0 0 0 0]
807	[1229 1303    0    0    0    0    0    0    0    0    0    0    0    0]	3	[ 7 11  0  0  0  0]
808	[1360   29    0    0    0    0    0    0    0    0    0    0    0    0]	3	[ 7 12  0  0  0  0]
809	[968 969   0   0   0   0   0   0   0   0   0   0   0   0]	1	[ 7 11 10  0  0  0]
810	[1447  717    0    0    0    0    0    0    0    0    0    0    0    0]	3	[7 0 0 0 0 0]
811	[422 718 719   0   0   0   0   0   0   0   0   0   0   0]	7	[4 3 0 0 0 0]
812	[ 59 832 268   0   0   0   0   0   0   0   0   0   0   0]	7	[7 0 0 0 0 0]
813	[919 618 220   0   0   0   0   0   0   0   0   0   0   0]	7	[ 3 18  0  0  0  0]
814	[ 51 105  58 921 922  29   0   0   0   0   0   0   0   0]	60	[5 0 0 0 0 0]
815	[ 227   20 1480    0    0    0    0    0    0    0    0    0    0    0]	11	[ 3 16  0  0  0  0]
816	[ 586 1532   48   58 1533 1184    0    0    0    0    0    0    0    0]	2	[7 0 0 0 0 0]
817	[ 329  105 1082 1083   29 1084   70 1082 1083 1085    0    0    0    0]	8	[7 0 0 0 0 0]
818	[1515 1516 1517    0    0    0    0    0    0    0    0    0    0    0]	1	[14  0  0  0  0  0]
819	[1592   29    0    0    0    0    0    0    0    0    0    0    0    0]	2	[4 0 0 0 0 0]
820	[1302 1326 1327    0    0    0    0    0    0    0    0    0    0    0]	39	[ 2  3 18  0  0  0]
821	[519 520   0   0   0   0   0   0   0   0   0   0   0   0]	39	[2 3 0 0 0 0]
822	[1520    0    0    0    0    0    0    0    0    0    0    0    0    0]	7	[6 0 0 0 0 0]
823	[798 799  29   0   0   0   0   0   0   0   0   0   0   0]	50	[12  0  0  0  0  0]
824	[216  57  58 217 218 219   0   0   0   0   0   0   0   0]	3	[3 0 0 0 0 0]
825	[1078   29    0    0    0    0    0    0    0    0    0    0    0    0]	31	[12  0  0  0  0  0]
826	[1548   29    0    0    0    0    0    0    0    0    0    0    0    0]	11	[ 7 13  0  0  0  0]
827	[151 152   0   0   0   0   0   0   0   0   0   0   0   0]	7	[8 7 0 0 0 0]
828	[1572 1573    0    0    0    0    0    0    0    0    0    0    0    0]	3	[4 9 0 0 0 0]
829	[1451    0    0    0    0    0    0    0    0    0    0    0    0    0]	39	[4 5 6 0 0 0]
830	[597  57  58 598 105 532  48 404   0   0   0   0   0   0]	39	[ 3  8  7 18  0  0]
831	[1562   58 1563    0    0    0    0    0    0    0    0    0    0    0]	2	[3 7 0 0 0 0]
832	[854   0   0   0   0   0   0   0   0   0   0   0   0   0]	7	[7 0 0 0 0 0]
833	[661 662   0   0   0   0   0   0   0   0   0   0   0   0]	39	[ 3 13  0  0  0  0]
834	[1289    0    0    0    0    0    0    0    0    0    0    0    0    0]	3	[4 0 0 0 0 0]
835	[1181 1182    0    0    0    0    0    0    0    0    0    0    0    0]	1	[3 0 0 0 0 0]
836	[784 785   0   0   0   0   0   0   0   0   0   0   0   0]	47	[9 0 0 0 0 0]
837	[455   0   0   0   0   0   0   0   0   0   0   0   0   0]	3	[7 0 0 0 0 0]
838	[670   0   0   0   0   0   0   0   0   0   0   0   0   0]	39	[4 5 9 6 0 0]
839	[1400  191 1401  793    0    0    0    0    0    0    0    0    0    0]	34	[11  0  0  0  0  0]
840	[1128 1129 1130 1131  338 1132    0    0    0    0    0    0    0    0]	67	[12  0  0  0  0  0]
841	[1424  191 1425    0    0    0    0    0    0    0    0    0    0    0]	39	[8 0 0 0 0 0]
842	[1072 1073  268    0    0    0    0    0    0    0    0    0    0    0]	57	[7 0 0 0 0 0]
843	[1559  105   12 1560   29    0    0    0    0    0    0    0    0    0]	3	[7 0 0 0 0 0]
844	[ 124 1357    0    0    0    0    0    0    0    0    0    0    0    0]	3	[5 7 0 0 0 0]
845	[1284   29    0    0    0    0    0    0    0    0    0    0    0    0]	3	[4 9 6 0 0 0]
846	[514 717   0   0   0   0   0   0   0   0   0   0   0   0]	2	[5 2 0 0 0 0]
847	[1409 1410    0    0    0    0    0    0    0    0    0    0    0    0]	3	[18  6  0  0  0  0]
848	[797  29   0   0   0   0   0   0   0   0   0   0   0   0]	49	[12  9  0  0  0  0]
849	[375  61 671   0   0   0   0   0   0   0   0   0   0   0]	40	[ 4  3 13  0  0  0]
850	[ 511   21 1053    0    0    0    0    0    0    0    0    0    0    0]	63	[3 0 0 0 0 0]
851	[896   0   0   0   0   0   0   0   0   0   0   0   0   0]	66	[ 8 17  6  0  0  0]
852	[1196   57  485    0    0    0    0    0    0    0    0    0    0    0]	7	[3 0 0 0 0 0]
853	[1379   48   58 1380   29    0    0    0    0    0    0    0    0    0]	13	[1 2 0 0 0 0]
854	[1510 1511    0    0    0    0    0    0    0    0    0    0    0    0]	2	[3 7 0 0 0 0]
855	[275 400 776   0   0   0   0   0   0   0   0   0   0   0]	11	[3 7 0 0 0 0]
856	[ 9 10 11 12 13 13 14 15 16  0  0  0  0  0]	1	[7 0 0 0 0 0]
857	[727 728 729   0   0   0   0   0   0   0   0   0   0   0]	7	[4 5 2 9 0 0]
858	[1156    0    0    0    0    0    0    0    0    0    0    0    0    0]	1	[11  0  0  0  0  0]
859	[1491   29    0    0    0    0    0    0    0    0    0    0    0    0]	3	[3 0 0 0 0 0]
860	[45 46  0  0  0  0  0  0  0  0  0  0  0  0]	1	[7 0 0 0 0 0]
861	[1571    0    0    0    0    0    0    0    0    0    0    0    0    0]	1	[9 6 0 0 0 0]
862	[1397   57  611    0    0    0    0    0    0    0    0    0    0    0]	7	[7 0 0 0 0 0]
863	[ 324 1570    0    0    0    0    0    0    0    0    0    0    0    0]	64	[ 3 13 11  0  0  0]
864	[987 988  29 989   0   0   0   0   0   0   0   0   0   0]	1	[12  0  0  0  0  0]
865	[812   0   0   0   0   0   0   0   0   0   0   0   0   0]	1	[7 0 0 0 0 0]
866	[ 540 1319    0    0    0    0    0    0    0    0    0    0    0    0]	39	[3 0 0 0 0 0]
867	[1049    0    0    0    0    0    0    0    0    0    0    0    0    0]	50	[18 11  6  0  0  0]
868	[1368 1173    0    0    0    0    0    0    0    0    0    0    0    0]	3	[ 3  7 11  0  0  0]
869	[973 105 974   0   0   0   0   0   0   0   0   0   0   0]	1	[12  0  0  0  0  0]
870	[ 297   48  586 1490   29    0    0    0    0    0    0    0    0    0]	68	[ 7 11  0  0  0  0]
871	[1417    0    0    0    0    0    0    0    0    0    0    0    0    0]	39	[6 0 0 0 0 0]
872	[414 471 405   0   0   0   0   0   0   0   0   0   0   0]	9	[ 4  3 15  0  0  0]
873	[751 752 753  29   0   0   0   0   0   0   0   0   0   0]	38	[ 2  3 15  0  0  0]
874	[544 545  12 552  57  58 831   0   0   0   0   0   0   0]	20	[15  0  0  0  0  0]
875	[ 274 1343   29    0    0    0    0    0    0    0    0    0    0    0]	40	[ 3  8 18  6  0  0]
876	[705  29   0   0   0   0   0   0   0   0   0   0   0   0]	2	[2 3 0 0 0 0]
877	[1137    0    0    0    0    0    0    0    0    0    0    0    0    0]	39	[12  0  0  0  0  0]
878	[1406  305    0    0    0    0    0    0    0    0    0    0    0    0]	10	[7 0 0 0 0 0]
879	[1097  417 1098    0    0    0    0    0    0    0    0    0    0    0]	9	[14  0  0  0  0  0]
880	[1038 1125    0    0    0    0    0    0    0    0    0    0    0    0]	37	[7 0 0 0 0 0]
881	[1261 1262    0    0    0    0    0    0    0    0    0    0    0    0]	2	[2 3 0 0 0 0]
882	[1373    0    0    0    0    0    0    0    0    0    0    0    0    0]	2	[3 0 0 0 0 0]
883	[1251  953    0    0    0    0    0    0    0    0    0    0    0    0]	2	[ 3 11  0  0  0  0]
884	[687 688   0   0   0   0   0   0   0   0   0   0   0   0]	1	[4 5 9 0 0 0]
885	[1175    0    0    0    0    0    0    0    0    0    0    0    0    0]	1	[7 0 0 0 0 0]
886	[ 754   21   48   58 1540   29    0    0    0    0    0    0    0    0]	49	[5 7 0 0 0 0]
887	[ 21 647 648 649 650  29   0   0   0   0   0   0   0   0]	39	[ 3 18  0  0  0  0]
888	[ 879 1277    0    0    0    0    0    0    0    0    0    0    0    0]	3	[3 0 0 0 0 0]
889	[1339 1340   29    0    0    0    0    0    0    0    0    0    0    0]	39	[7 0 0 0 0 0]
890	[660 378  29   0   0   0   0   0   0   0   0   0   0   0]	40	[12  0  0  0  0  0]
891	[ 180 1444 1445 1446    0    0    0    0    0    0    0    0    0    0]	3	[7 0 0 0 0 0]
892	[ 275 1282  400  919    0    0    0    0    0    0    0    0    0    0]	39	[8 7 0 0 0 0]
893	[ 555 1086   29 1087 1088    0    0    0    0    0    0    0    0    0]	26	[7 0 0 0 0 0]
894	[195  48  58 108 105 766   0   0   0   0   0   0   0   0]	3	[1 2 3 0 0 0]
895	[ 447 1482  858  285    0    0    0    0    0    0    0    0    0    0]	3	[ 3 11  0  0  0  0]
896	[511 949 340 950   0   0   0   0   0   0   0   0   0   0]	11	[7 0 0 0 0 0]
897	[1549  105 1550    0    0    0    0    0    0    0    0    0    0    0]	3	[7 0 0 0 0 0]
898	[584 585  29   0   0   0   0   0   0   0   0   0   0   0]	39	[7 0 0 0 0 0]
899	[892  29   0   0   0   0   0   0   0   0   0   0   0   0]	15	[7 0 0 0 0 0]
900	[1220 1221   58 1222    0    0    0    0    0    0    0    0    0    0]	2	[7 0 0 0 0 0]
901	[ 998  197 1519 1471    0    0    0    0    0    0    0    0    0    0]	39	[ 4 11  6  0  0  0]
902	[1366 1367   29    0    0    0    0    0    0    0    0    0    0    0]	3	[7 0 0 0 0 0]
903	[1081   29    0    0    0    0    0    0    0    0    0    0    0    0]	13	[ 3 12  0  0  0  0]
904	[291 658   0   0   0   0   0   0   0   0   0   0   0   0]	40	[4 6 0 0 0 0]
905	[951   0   0   0   0   0   0   0   0   0   0   0   0   0]	39	[ 1  2 13  0  0  0]
906	[ 820 1035   58 1036 1037    0    0    0    0    0    0    0    0    0]	61	[ 5 10  0  0  0  0]
907	[1159 1561    0    0    0    0    0    0    0    0    0    0    0    0]	7	[7 0 0 0 0 0]
908	[1472  199    0    0    0    0    0    0    0    0    0    0    0    0]	39	[3 0 0 0 0 0]
909	[1365   29    0    0    0    0    0    0    0    0    0    0    0    0]	3	[7 0 0 0 0 0]
910	[ 434   12   21 1578   12   95    0    0    0    0    0    0    0    0]	2	[7 0 0 0 0 0]
911	[1392 1393    0    0    0    0    0    0    0    0    0    0    0    0]	2	[7 0 0 0 0 0]
912	[1585    0    0    0    0    0    0    0    0    0    0    0    0    0]	39	[4 0 0 0 0 0]
913	[232   0   0   0   0   0   0   0   0   0   0   0   0   0]	3	[5 2 0 0 0 0]
914	[1586   48 1587    0    0    0    0    0    0    0    0    0    0    0]	39	[ 3 11  0  0  0  0]
915	[265 476   0   0   0   0   0   0   0   0   0   0   0   0]	3	[3 7 0 0 0 0]
916	[1290   29 1291  105 1206 1292    0    0    0    0    0    0    0    0]	1	[12  6  0  0  0  0]
917	[ 123   57   58 1388    0    0    0    0    0    0    0    0    0    0]	1	[3 0 0 0 0 0]
918	[ 34 345   0   0   0   0   0   0   0   0   0   0   0   0]	3	[3 0 0 0 0 0]
919	[96  0  0  0  0  0  0  0  0  0  0  0  0  0]	2	[7 0 0 0 0 0]
920	[ 521   58 1265  105  107    0    0    0    0    0    0    0    0    0]	1	[12  6  0  0  0  0]
921	[ 229 1420 1421    0    0    0    0    0    0    0    0    0    0    0]	39	[ 1  2 13  0  0  0]
922	[ 953 1323    0    0    0    0    0    0    0    0    0    0    0    0]	39	[4 3 0 0 0 0]
923	[955 956   0   0   0   0   0   0   0   0   0   0   0   0]	1	[4 5 0 0 0 0]
924	[716 616 626  24   0   0   0   0   0   0   0   0   0   0]	2	[4 3 0 0 0 0]
925	[1042 1294 1295    0    0    0    0    0    0    0    0    0    0    0]	18	[7 0 0 0 0 0]
926	[990 105  58 991   0   0   0   0   0   0   0   0   0   0]	1	[12  6  0  0  0  0]
927	[1486    0    0    0    0    0    0    0    0    0    0    0    0    0]	7	[7 0 0 0 0 0]
928	[ 955 1336 1337    0    0    0    0    0    0    0    0    0    0    0]	39	[4 5 0 0 0 0]
929	[ 748  230 1416    0    0    0    0    0    0    0    0    0    0    0]	39	[7 0 0 0 0 0]
930	[1581   83  673    0    0    0    0    0    0    0    0    0    0    0]	9	[4 7 0 0 0 0]
931	[1575  733  268    0    0    0    0    0    0    0    0    0    0    0]	1	[ 1  2  3 11  0  0]
932	[813  58 814 462   0   0   0   0   0   0   0   0   0   0]	1	[7 0 0 0 0 0]
933	[256 257   0   0   0   0   0   0   0   0   0   0   0   0]	3	[8 0 0 0 0 0]
934	[ 190   79 1564    0    0    0    0    0    0    0    0    0    0    0]	39	[ 7 10  0  0  0  0]
935	[ 703 1189 1190 1191 1192    0    0    0    0    0    0    0    0    0]	2	[ 7 11  0  0  0  0]
936	[1536  105 1537   29 1538   70 1537 1539    0    0    0    0    0    0]	43	[ 7 13  0  0  0  0]
937	[ 521  276   48 1554    0    0    0    0    0    0    0    0    0    0]	3	[11 10  0  0  0  0]
