user_id:FeatureType.TOKEN	age:FeatureType.TOKEN	gender:FeatureType.TOKEN	occupation:FeatureType.TOKEN
0	0	0	0
1	13	1	3
2	9	2	4
3	10	1	1
4	42	1	4
5	31	1	15
6	18	2	12
7	3	1	11
8	5	1	4
9	25	2	5
10	25	1	6
11	17	1	11
12	9	1	15
13	31	2	8
14	34	1	6
15	20	2	3
16	24	1	5
17	34	1	6
18	20	1	11
19	28	1	2
20	8	1	21
21	38	1	19
22	31	1	5
23	10	2	2
24	24	1	11
25	31	1	16
26	25	1	11
27	14	1	3
28	1	1	6
29	32	2	5
30	17	1	15
31	37	1	14
32	6	1	15
33	28	2	12
34	14	1	6
35	6	1	5
36	2	1	7
37	17	1	4
38	25	1	3
39	14	1	20
40	34	1	6
41	19	1	6
42	23	1	6
43	18	1	2
44	10	1	21
45	14	1	6
46	17	2	14
47	9	1	15
48	13	1	8
49	35	2	5
50	11	1	5
51	15	1	5
52	16	2	11
53	5	2	13
54	11	1	8
55	45	1	21
56	30	1	18
57	29	1	17
58	34	2	6
59	20	1	14
60	4	1	8
61	20	1	10
62	18	2	6
63	1	1	3
64	4	1	17
65	8	1	11
66	3	1	15
67	9	2	2
68	7	1	5
69	19	1	14
70	4	1	11
71	31	1	10
72	20	1	3
73	3	1	6
74	10	2	6
75	38	1	8
76	27	1	15
77	8	1	4
78	32	1	15
79	18	1	4
80	14	2	6
81	35	1	2
82	34	1	6
83	25	1	11
84	13	1	5
85	18	1	6
86	1	2	16
87	18	1	1
88	7	2	3
89	4	1	15
90	30	1	11
91	34	2	6
92	15	2	5
93	8	2	12
94	20	1	4
95	31	2	12
96	14	1	6
97	32	1	8
98	4	1	4
99	43	1	12
100	3	2	6
101	20	2	2
102	34	1	6
103	39	1	16
104	17	1	12
105	1	1	15
106	4	2	2
107	36	2	5
108	42	1	8
109	3	1	6
110	16	2	2
111	13	1	15
112	23	1	17
113	16	2	17
114	1	1	1
115	19	1	12
116	13	2	8
117	9	1	16
118	12	1	9
119	18	1	4
120	26	2	6
121	30	1	7
122	4	1	15
123	15	1	7
124	17	1	2
125	4	1	9
126	24	2	5
127	27	1	4
128	14	1	10
129	39	1	16
130	36	1	1
131	8	2	12
132	25	1	15
133	12	1	9
134	31	1	8
135	24	1	15
136	18	2	12
137	5	1	8
138	7	1	4
139	19	1	6
140	38	1	19
141	8	2	8
142	8	1	6
143	11	1	4
144	24	1	15
145	20	1	11
146	28	1	5
147	35	2	14
148	30	1	8
149	5	1	8
150	15	2	14
151	37	2	5
152	3	1	6
153	19	1	6
154	15	1	1
155	26	2	6
156	18	1	8
157	2	2	18
158	40	1	6
159	28	1	12
160	2	1	15
161	16	1	11
162	25	1	6
163	3	2	8
164	2	1	11
165	4	1	5
166	7	1	15
167	46	1	2
168	23	1	11
169	19	2	6
170	18	1	3
171	39	1	1
172	31	1	11
173	27	2	5
174	42	2	3
175	21	1	11
176	8	1	2
177	20	1	8
178	25	1	11
179	9	1	14
180	23	1	6
181	32	2	8
182	30	1	8
183	33	1	6
184	6	1	15
185	19	1	11
186	19	2	14
187	17	1	18
188	1	1	6
189	34	1	6
190	28	1	8
191	11	1	18
192	40	2	6
193	7	1	11
194	7	2	16
195	8	1	11
196	44	2	5
197	10	2	6
198	10	2	7
199	35	1	12
200	15	2	12
201	36	1	16
202	4	2	8
203	27	1	2
204	9	2	5
205	1	1	10
206	27	1	6
207	1	1	15
208	19	1	3
209	27	1	5
210	18	1	5
211	14	1	5
212	35	2	8
213	9	1	9
214	10	1	6
215	12	1	2
216	48	1	2
217	2	2	12
218	23	2	14
219	23	2	6
220	5	1	6
221	12	1	5
222	20	1	1
223	23	2	2
224	37	1	15
225	2	2	2
226	11	1	7
227	19	1	6
228	35	1	4
229	3	2	6
230	12	1	14
231	21	1	11
232	19	1	8
233	3	1	6
234	13	1	11
235	5	1	9
236	42	1	8
237	2	1	16
238	3	1	10
239	37	2	5
240	15	2	6
241	15	1	5
242	14	2	14
243	15	1	11
244	21	1	16
245	10	1	11
246	18	1	11
247	36	1	6
248	16	2	16
249	10	1	9
250	41	1	19
251	35	1	2
252	18	2	9
253	19	1	6
254	15	1	12
255	15	1	3
256	21	2	8
257	16	2	5
258	49	2	6
259	23	1	6
260	23	2	6
261	32	1	2
262	40	1	10
263	1	1	1
264	27	2	6
265	3	1	3
266	15	1	20
267	45	1	4
268	5	1	15
269	13	2	8
270	23	2	13
271	17	2	12
272	1	1	15
273	9	1	9
274	10	1	8
275	47	2	12
276	31	1	8
277	1	1	14
278	37	2	2
279	18	1	6
280	53	1	19
281	22	1	6
282	11	2	2
283	25	2	16
284	52	1	17
285	4	2	8
286	10	1	5
287	13	2	12
288	8	1	6
289	10	1	15
290	13	2	8
291	51	2	5
292	9	1	9
293	5	2	5
294	24	1	11
295	14	1	6
296	33	1	6
297	50	1	20
298	13	2	4
299	10	2	2
300	24	1	9
301	34	2	6
302	14	2	6
303	35	1	1
304	34	1	6
305	21	1	5
306	27	1	6
307	4	1	9
308	32	1	5
309	23	1	6
310	16	2	8
311	17	2	12
312	4	1	10
313	23	1	6
314	35	1	8
315	18	1	5
316	23	1	6
317	13	1	5
318	20	1	12
319	21	1	10
320	14	2	6
321	1	1	2
322	3	1	20
323	12	1	4
324	47	2	2
325	9	2	12
326	16	1	7
327	19	2	2
328	45	1	15
329	27	1	5
330	37	1	15
331	15	2	12
332	10	2	12
333	36	1	2
334	26	1	6
335	30	2	2
336	28	1	11
337	54	1	19
338	1	2	6
339	8	2	12
340	11	1	2
341	41	1	8
342	17	1	8
343	28	2	11
344	32	1	2
345	23	1	6
346	19	1	6
347	16	2	13
348	18	1	4
349	20	2	13
350	27	1	6
351	8	1	7
352	20	1	6
353	33	1	6
354	26	1	6
355	7	1	15
356	1	2	2
357	47	1	3
358	7	1	4
359	19	2	6
360	28	1	9
361	16	1	6
362	27	1	6
363	33	1	10
364	27	1	6
365	42	1	11
366	20	1	15
367	4	1	14
368	7	1	3
369	12	1	15
370	4	1	10
371	55	1	15
372	23	2	6
373	1	1	6
374	31	1	2
375	7	1	20
376	42	2	3
377	5	1	5
378	5	2	3
379	34	1	6
380	47	1	3
381	10	2	2
382	19	1	5
383	3	1	6
384	17	1	2
385	33	1	6
386	19	1	2
387	6	1	15
388	45	2	18
389	15	1	15
390	47	1	11
391	37	1	2
392	19	1	9
393	28	1	2
394	27	2	18
395	4	2	5
396	47	1	8
397	8	1	15
398	35	1	5
399	8	2	11
400	39	1	8
401	23	2	6
402	3	1	6
403	15	2	14
404	36	1	8
405	25	2	2
406	19	1	8
407	2	1	8
408	18	1	10
409	34	1	6
410	56	1	2
411	9	1	8
412	25	1	6
413	10	1	6
414	32	1	21
415	27	1	10
416	24	2	11
417	1	1	15
418	7	2	16
419	25	1	14
420	39	1	8
421	15	2	5
422	24	1	9
423	29	2	6
424	25	2	2
425	28	1	7
426	32	2	5
427	1	1	16
428	27	1	6
429	15	1	2
430	14	1	3
431	15	1	5
432	3	1	12
433	16	2	8
434	6	1	8
435	3	2	5
436	29	1	6
437	16	1	5
438	6	1	2
439	1	1	11
440	26	1	6
441	35	1	5
442	32	2	7
443	3	1	10
444	4	2	20
445	1	1	1
446	11	1	1
447	34	2	6
448	27	1	6
449	42	2	2
450	40	1	6
451	8	1	15
452	10	1	15
453	27	1	6
454	1	1	6
455	20	1	2
456	35	2	18
457	57	1	6
458	32	1	4
459	38	1	8
460	38	1	3
461	10	1	6
462	8	1	2
463	8	1	6
464	1	1	11
465	6	1	19
466	30	1	1
467	15	1	8
468	25	1	6
469	9	1	8
470	27	1	15
471	26	2	6
472	58	1	19
473	6	1	8
474	27	1	15
475	8	2	14
476	8	1	9
477	39	1	2
478	14	2	6
479	24	2	5
480	8	1	15
481	3	2	6
482	23	1	6
483	35	1	1
484	18	1	3
485	5	1	11
486	37	2	3
487	10	1	5
488	27	1	6
489	30	2	3
490	17	2	3
491	25	2	2
492	45	1	11
493	16	1	20
494	26	2	3
495	25	1	11
496	25	1	16
497	27	1	6
498	2	1	16
499	37	1	5
500	15	1	11
501	30	2	5
502	13	2	3
503	3	1	5
504	2	2	12
505	36	1	2
506	48	1	8
507	27	1	6
508	25	2	5
509	34	1	6
510	51	1	18
511	26	1	6
512	23	1	6
513	8	1	15
514	15	2	20
515	11	2	5
516	1	1	6
517	4	1	12
518	42	2	8
519	27	1	2
520	37	1	12
521	12	2	8
522	24	1	15
523	15	1	16
524	7	1	15
525	23	1	6
526	34	2	6
527	31	1	9
528	14	1	6
529	25	1	1
530	2	2	5
531	30	1	8
532	4	1	9
533	32	1	3
534	7	1	4
535	7	1	15
536	19	1	11
537	42	2	2
538	59	1	8
539	12	1	2
540	10	1	15
541	20	1	9
542	29	2	6
543	16	2	8
544	60	1	4
545	20	1	6
546	3	1	15
547	9	2	12
548	23	1	6
549	15	2	3
550	17	1	6
551	54	1	19
552	5	1	9
553	1	1	10
554	36	1	8
555	43	2	5
556	35	1	4
557	7	2	6
558	20	1	8
559	48	1	8
560	8	2	8
561	53	1	19
562	4	1	16
563	19	1	6
564	26	2	6
565	18	1	2
566	9	1	8
567	23	1	6
568	33	1	6
569	6	2	12
570	28	1	2
571	26	1	6
572	29	1	6
573	30	1	8
574	60	1	12
575	31	2	8
576	42	1	15
577	23	1	14
578	18	1	8
579	27	2	6
580	14	1	7
581	45	1	8
582	3	1	2
583	31	1	5
584	34	2	14
585	11	2	2
586	36	1	11
587	4	1	15
588	14	1	11
589	10	1	11
590	13	2	18
591	27	1	2
592	19	1	11
593	27	1	6
594	45	1	12
595	25	2	3
596	40	2	6
597	43	1	8
598	46	2	6
599	24	1	8
600	39	1	9
601	26	2	3
602	33	1	6
603	28	2	16
604	19	1	11
605	33	1	6
606	9	1	8
607	34	1	6
608	7	1	8
609	1	1	15
610	30	2	8
611	46	1	17
612	25	1	11
613	45	2	2
614	16	1	11
615	26	1	6
616	9	1	15
617	5	2	12
618	18	2	18
619	26	2	6
620	15	1	2
621	23	1	6
622	3	1	9
623	9	1	9
624	17	2	16
625	12	1	15
626	27	1	2
627	32	1	19
628	11	1	8
629	25	1	11
630	37	1	15
631	17	1	8
632	5	1	15
633	53	1	19
634	25	2	6
635	31	1	4
636	30	2	18
637	23	1	6
638	4	1	11
639	35	1	8
640	18	1	6
641	31	1	8
642	33	2	6
643	18	1	2
644	15	1	15
645	18	2	17
646	19	1	5
647	42	1	5
648	10	1	11
649	16	1	12
650	1	1	6
651	8	2	3
652	32	1	8
653	28	1	2
654	15	1	11
655	46	2	6
656	16	1	2
657	23	1	2
658	3	1	11
659	23	2	6
660	14	1	11
661	10	1	6
662	36	1	8
663	5	1	12
664	43	2	5
665	36	1	15
666	16	1	20
667	19	1	2
668	20	1	8
669	37	2	18
670	28	2	5
671	19	1	2
672	10	2	11
673	15	1	1
674	38	1	11
675	4	1	7
676	14	2	6
677	32	2	12
678	42	1	2
679	32	2	12
680	48	2	12
681	33	1	6
682	31	2	18
683	18	1	3
684	36	1	2
685	18	2	13
686	14	1	2
687	27	2	6
688	34	1	6
689	27	2	6
690	14	1	1
691	5	2	2
692	7	2	5
693	30	1	8
694	28	2	2
695	28	1	2
696	1	2	10
697	18	1	15
698	1	1	1
699	5	1	1
700	39	1	2
701	30	2	13
702	31	1	4
703	19	1	6
704	14	1	6
705	3	1	6
706	13	2	5
707	19	2	5
708	59	1	4
709	18	1	8
710	16	1	1
711	35	2	3
712	19	2	2
713	31	2	9
714	31	1	11
715	16	1	6
716	15	1	11
717	42	2	2
718	5	1	3
719	8	2	18
720	34	1	2
721	18	1	4
722	4	1	2
723	10	1	5
724	19	1	15
725	21	2	8
726	10	1	5
727	16	1	1
728	19	1	3
729	1	2	2
730	15	2	17
731	18	1	6
732	38	1	19
733	25	1	6
734	10	2	2
735	16	1	16
736	44	2	12
737	48	1	20
738	25	1	9
739	25	2	8
740	61	1	15
741	9	1	4
742	42	2	8
743	18	1	6
744	8	1	5
745	23	1	6
746	31	1	6
747	30	1	3
748	5	1	2
749	15	1	6
750	16	2	2
751	33	1	6
752	55	1	11
753	23	2	6
754	15	1	12
755	13	1	11
756	31	1	6
757	36	1	6
758	7	2	15
759	11	1	5
760	10	1	6
761	32	1	5
762	14	2	14
763	8	1	2
764	25	1	1
765	26	2	6
766	15	1	16
767	20	1	15
768	20	1	8
769	23	1	6
770	20	2	3
771	15	1	11
772	27	1	6
773	17	2	3
774	31	1	8
775	16	1	5
776	19	1	11
777	9	1	8
778	61	1	5
779	45	1	4
780	17	1	11
781	13	2	5
782	25	2	2
783	25	1	16
784	21	2	18
785	42	2	2
786	27	1	3
787	30	2	16
788	20	1	2
789	34	1	6
790	28	1	15
791	15	1	2
792	25	1	14
793	42	1	15
794	3	2	15
795	35	1	3
796	17	2	8
797	45	1	11
798	10	1	14
799	14	1	2
800	12	1	20
801	10	1	12
802	42	2	4
803	36	1	3
804	42	1	14
805	36	1	2
806	3	1	6
807	24	2	10
808	9	1	14
809	1	1	1
810	39	2	2
811	27	1	15
812	16	1	12
813	18	1	2
814	25	1	7
815	7	2	14
816	49	2	6
817	17	1	3
818	8	1	6
819	45	1	15
820	8	2	12
821	45	1	5
822	26	1	2
823	40	2	6
824	8	2	6
825	36	1	1
826	55	1	8
827	13	1	3
828	2	1	12
829	31	1	2
830	56	1	21
831	12	1	21
832	26	2	2
833	19	1	4
834	37	2	16
835	27	1	6
836	33	1	6
837	61	2	19
838	16	2	5
839	25	1	11
840	19	1	14
841	14	1	11
842	1	1	9
843	24	2	6
844	27	1	6
845	31	1	4
846	1	2	6
847	21	1	2
848	34	2	6
849	15	1	2
850	35	2	5
851	46	1	6
852	30	2	8
853	15	1	6
854	9	1	16
855	4	2	5
856	13	1	12
857	16	1	15
858	42	1	15
859	23	1	6
860	15	2	2
861	1	1	1
862	7	1	9
863	7	1	2
864	20	1	6
865	19	1	6
866	49	2	6
867	32	2	5
868	11	1	8
869	10	1	3
870	15	1	2
871	24	1	4
872	20	1	2
873	10	1	8
874	33	2	6
875	44	1	5
876	19	2	2
877	25	1	2
878	12	2	14
879	3	1	13
880	12	1	12
881	38	1	19
882	42	2	12
883	25	1	15
884	28	2	3
885	32	1	2
886	17	1	9
887	19	1	2
888	23	2	6
889	10	1	18
890	25	1	6
891	30	1	10
892	8	2	5
893	14	1	6
894	14	1	6
895	3	1	11
896	8	1	2
897	42	1	9
898	38	1	8
899	27	2	6
900	59	1	8
901	30	2	8
902	41	1	15
903	10	1	6
904	5	1	21
905	24	2	1
906	20	1	5
907	21	1	9
908	26	2	20
909	35	2	12
910	35	1	8
911	13	1	10
912	27	1	6
913	18	2	6
914	1	1	2
915	10	2	9
916	15	2	14
917	23	1	6
